,C1,C2,C4,C7,T1,T2,T3,T4,T5,S1,S2,S3,C3',C5',C6'
0,122.0,1.0,0.02907427348367355,51.345,470.0,12719.0,11560.0,301.0,690.0,62.0,117.0,139.0,1,3.864344528301887,11.111111111111109
1,152.75,0.0,-0.013351642245815757,25.936,791.0,21792.0,19585.0,510.0,1120.0,71.0,242.0,237.0,0,4.8650798278339575,0.0
2,90.0,1.0,0.02071500183158597,7.377999999999999,201.0,5262.0,4785.0,128.0,325.0,61.0,33.0,60.0,0,3.3691336000000005,0.0
3,209.0,1.0,0.020023137256796598,8.526,328.0,8259.0,7574.0,177.0,509.0,80.0,59.0,110.0,0,3.299697111111111,0.0
4,80.0,1.0,-0.034894701316965815,632.298,572.0,14830.0,13176.0,336.0,720.0,67.0,149.0,167.0,1,3.7262686060606063,5.0
5,94.0,1.0,-0.05755607666070545,197.59099999999998,510.0,17999.0,13934.0,328.0,815.0,62.0,96.0,181.0,1,5.724393974841669,0.0
6,128.0,1.0,0.004105524336536758,5.146,495.0,15758.0,13953.0,379.0,698.0,82.0,106.0,135.0,0,3.4630949090909087,0.0
7,91.0,0.0,0.040619988496656566,103.833,334.0,11226.0,10056.0,276.0,-1.0,55.0,120.0,122.0,0,2.42146875,0.0
8,100.0,1.0,-0.029315926285396837,279.6,620.0,14813.0,13463.0,335.0,917.0,58.0,124.0,234.0,0,4.816591000000001,0.0
9,106.0,1.0,-0.02492507736968316,494.00800000000004,385.0,9134.0,8107.0,198.0,459.0,81.0,90.0,147.0,1,3.0566081818181816,0.0
10,107.0,1.0,0.00912459122415893,103.833,332.0,7534.0,6747.0,169.0,263.0,51.0,65.0,74.0,1,3.70337559817068,0.0
11,99.0,1.0,0.015487112031121256,0.32,253.0,5788.0,5200.0,138.0,385.0,29.0,41.0,70.0,0,2.546685857142857,0.0
12,126.0,1.0,0.019731083271667373,26.499000000000002,206.0,5732.0,4963.0,141.0,259.0,21.0,43.0,80.0,1,4.237290933333333,6.666666666666668
13,140.0,1.0,-0.006315604699400098,0.07400000000000001,416.0,10562.0,9835.0,231.0,726.0,81.0,118.0,138.0,0,3.867637297297297,8.695652173913043
14,152.75,1.0,0.023274685510332932,166.896,624.0,18633.0,16471.0,380.0,909.0,98.0,141.75,172.0,1,3.638219636363636,0.0
15,233.0,1.0,-0.08545458841445729,510.19199999999995,586.0,18142.0,15782.0,413.0,649.0,98.0,92.0,155.0,1,4.8650798278339575,0.0
16,125.0,1.0,0.00025485632575635107,571.192,269.0,6456.0,5687.0,140.0,336.0,36.0,33.0,83.0,1,2.062121440677966,0.0
17,77.0,1.0,-0.006315604699400098,363.465,391.0,11322.0,9589.0,247.0,603.0,72.0,134.0,133.0,1,2.3087591,0.0
18,92.0,1.0,0.036830796877746964,170.27,528.0,13516.0,12431.0,323.0,523.0,54.0,75.0,117.0,1,7.634886144578314,0.0
19,207.0,1.0,-0.01269239188194706,132.5,512.0,11684.0,10189.0,267.0,429.0,52.0,78.0,91.0,1,3.8091866000000003,12.5
20,174.0,1.0,0.045262646375410436,103.833,473.0,13801.0,12500.0,296.0,768.0,66.0,136.0,182.0,0,4.740619083969466,0.0
21,78.0,1.0,0.05404000937680397,1707.5639999999999,591.0,14315.0,12418.0,353.0,675.0,57.0,73.0,88.0,1,4.431482352941177,6.666666666666668
22,68.0,1.0,0.002545640136170962,64.60600000000001,279.0,6569.0,5889.0,149.0,308.0,29.0,93.0,97.0,0,2.973739,0.0
23,91.0,1.0,0.03582773310561604,0.17600000000000002,248.0,6533.0,5977.0,150.0,384.0,58.0,39.0,100.0,0,3.8566663999999995,0.0
24,101.0,1.0,-0.0017460164572123164,3.88,263.0,8601.0,7663.0,184.0,473.0,63.0,51.0,93.0,0,3.000277571428571,0.0
25,76.0,1.0,-0.003957877372461608,2.23,259.0,7830.0,7033.0,156.0,453.0,36.0,85.0,119.0,0,4.117523818181819,0.0
26,152.75,1.0,-0.03711550033032608,94.73899999999999,499.0,13534.0,12580.0,337.0,777.0,91.0,88.0,237.0,1,4.318243666666667,0.0
27,40.0,1.0,0.025763708515827013,345.32199999999995,527.0,15006.0,0.0,334.0,809.0,46.0,181.0,167.0,0,2.395495233333333,5.263157894736842
28,113.0,1.0,0.035642375510738435,428.51599999999996,641.0,18484.0,16496.0,436.0,898.0,125.0,164.0,184.0,1,4.645752815396892,0.0
29,75.0,1.0,-0.015947285678912314,18.643,403.0,12099.0,11038.0,281.0,626.0,103.0,102.0,162.0,0,2.21785225,0.0
30,42.0,1.0,-0.03711550033032608,257.056,578.0,16953.0,15176.0,378.0,885.0,81.0,87.0,169.0,1,3.962826,0.0
31,84.0,1.0,-0.03446512812118845,59.038999999999994,511.0,16279.0,13883.0,348.0,776.0,71.0,99.0,110.0,0,6.322343282604424,8.333333333333332
32,83.0,0.0,0.02071500183158597,38.434,329.0,7154.0,6296.0,175.0,384.0,47.0,47.0,94.0,1,5.717948717948718,0.0
33,152.75,1.0,0.08509670457922383,68.525,536.0,13374.0,12334.0,304.0,748.0,66.0,149.0,194.0,0,3.4839877403173207,7.142857142857142
34,29.0,1.0,0.016442651117707995,185.076,388.0,12190.0,11085.0,274.0,677.0,56.0,116.0,160.0,0,4.3428136339371815,0.0
35,94.0,1.0,-0.01238272736361786,40.045,400.0,10135.0,9114.0,233.0,545.0,47.0,69.0,98.0,1,3.63707136,8.108108108108109
36,133.0,1.0,0.05647474671864434,36.12,547.0,14728.0,13418.0,345.0,841.0,60.0,149.0,176.0,0,4.942032474015488,7.142857142857142
37,87.0,1.0,0.016234824406075828,52.897,471.0,12754.0,11459.0,308.0,601.0,65.0,85.0,103.0,0,3.26327775,2.8571428571428568
38,160.0,1.0,0.036866889518440776,519.966,322.0,7738.0,6866.0,186.0,342.0,35.0,60.0,125.0,1,3.7000211922596993,16.666666666666664
39,78.0,1.0,0.056994918380870514,32.068000000000005,535.0,17094.0,14915.0,347.0,927.0,78.0,84.0,157.0,1,4.01707504,3.125
40,20.0,1.0,0.004669618127058825,3018.118,572.0,17353.0,15234.0,430.0,917.0,84.0,144.0,125.0,1,2.8513546401643763,7.142857142857142
41,119.0,1.0,-0.019999416118981355,46.672,326.0,7912.0,6987.0,195.0,365.0,30.0,68.0,94.0,1,2.560376106070604,0.0
42,38.0,1.0,0.029256701372662963,608.16,657.0,18736.0,17202.0,438.0,923.0,111.0,141.75,262.0,1,2.345032117647059,7.142857142857142
43,112.0,1.0,-0.006417682468154485,103.833,507.0,12468.0,11248.0,289.0,701.0,79.0,140.0,142.0,1,3.2141313857677902,0.0
44,156.0,1.0,-0.0008063218195906665,69.833,547.0,17361.0,14536.0,360.0,860.0,56.0,156.0,194.0,0,4.509090678569653,0.0
45,222.0,1.0,-0.004839837912175111,103.833,280.0,8296.0,7337.0,178.0,514.0,37.0,77.0,106.0,0,3.3987702173913044,0.0
46,102.0,1.0,0.0283099533258931,72.503,407.0,12387.0,11330.0,280.0,613.0,50.0,83.0,97.0,0,4.8650798278339575,7.142857142857142
47,39.0,1.0,0.0027190288727909386,103.833,223.0,5079.0,4700.0,104.0,292.0,29.0,60.0,76.0,0,4.576163611111111,0.0
48,116.0,1.0,-0.02246402239096419,74.005,550.75,15240.25,13751.5,353.75,794.5,84.75,141.75,173.0,0,3.7376583870967743,0.0
49,90.0,1.0,0.03469512390660059,75.813,453.0,11688.0,10445.0,281.0,630.0,40.0,75.0,135.0,0,5.026452805464894,7.142857142857142
50,107.0,1.0,0.015487112031121256,19.157,248.0,6630.0,5936.0,153.0,410.0,51.0,54.0,161.0,0,2.9753825000000003,0.0
51,93.0,1.0,-0.059933231696355886,8.822000000000001,292.0,6340.0,5777.0,151.0,369.0,34.0,40.0,103.0,0,3.743114,0.0
52,117.0,1.0,0.002756461109020153,139.357,328.0,9472.0,8162.0,209.0,380.0,59.0,59.0,81.0,1,2.7099228358208958,13.333333333333336
53,86.0,1.0,0.049754821648229856,20.719,449.0,14954.0,13497.0,312.0,819.0,99.0,98.0,189.0,0,3.293870111111111,0.0
54,152.75,1.0,0.05935342338506445,1699.0,840.0,22107.0,19522.0,462.0,794.5,128.0,141.75,173.0,1,5.460375069444446,7.142857142857142
55,77.0,1.0,0.08987183041029774,103.833,267.0,6877.0,6211.0,154.0,450.0,35.0,51.0,85.0,0,3.7934025,0.0
56,90.0,1.0,-0.01458233982616616,935.4680000000001,476.0,13269.0,11798.0,302.0,459.0,102.0,75.0,155.0,1,3.8798307657491073,3.6144578313253017
57,149.0,0.0,-0.024693936868313008,1.9,270.0,6360.0,5780.0,146.0,356.0,63.0,38.0,72.0,0,3.0563483636363635,0.0
58,110.0,1.0,0.019299589342974183,167.88400000000001,780.0,15240.25,22079.0,560.0,1173.0,124.0,157.0,173.0,1,4.8650798278339575,5.882352941176469
59,238.0,1.0,0.00430373527330501,2214.215,783.0,21801.0,20113.0,498.0,1217.0,138.0,141.75,248.0,0,2.7586206896551726,0.0
60,67.0,1.0,0.012708623146163443,32.978,547.0,13486.0,12249.0,331.0,714.0,64.0,84.0,175.0,0,5.509124509124509,4.545454545454546
61,59.0,1.0,0.002046754742247154,389.962,517.0,13075.0,11937.0,320.0,759.0,100.0,167.0,189.0,0,3.1380748,0.0
62,149.0,1.0,-0.012062164680420815,4351.218,632.0,20576.0,18272.0,468.0,1006.0,115.0,162.0,166.0,0,4.8650798278339575,0.0
63,147.0,1.0,0.04638015077402592,103.833,180.0,4348.0,4183.0,100.0,221.0,9.0,37.0,60.0,0,1.3782262576687117,0.0
64,91.0,1.0,0.050890498603735436,259.295,550.75,15240.25,13751.5,353.75,794.5,84.75,141.75,173.0,1,5.4392558125,7.142857142857142
65,152.75,1.0,0.01076544990065678,311.502,548.0,12533.0,11201.0,292.0,650.0,76.0,127.0,126.0,1,2.70282872,7.142857142857142
66,105.0,1.0,0.00549637470275211,92.478,388.0,10337.0,9215.0,240.0,552.0,33.0,56.0,89.0,0,4.576166727272726,0.0
67,238.0,1.0,0.019731083271667373,75.436,594.0,15381.0,13806.0,347.0,768.0,48.0,152.0,178.0,0,3.1824601538461534,16.27906976744186
68,83.0,1.0,-0.061579848740387674,176.62400000000002,387.0,10581.0,9530.0,264.0,539.0,32.0,101.0,125.0,1,5.338230654205606,7.142857142857142
69,111.0,1.0,0.03611721593918047,311.709,467.0,11002.0,9842.0,267.0,555.0,77.0,99.0,124.0,1,1.925,0.0
70,77.0,1.0,0.010983105662161895,213.672,356.0,9137.0,8186.0,214.0,365.0,49.0,52.0,95.0,1,2.613157177225341,17.647058823529417
71,177.0,1.0,0.05152653250039664,60.169,619.0,16546.0,15111.0,394.0,943.0,47.0,123.0,191.0,0,5.2750074,0.0
72,96.0,0.0,0.018065909915302072,37.811,298.0,7231.0,6423.0,196.0,270.0,30.0,48.0,97.0,0,2.1838724999999997,10.714285714285714
73,214.0,0.0,0.03228429921272611,143.062,334.0,8894.0,8060.0,218.0,469.0,33.0,107.0,98.0,1,4.751481481481481,0.0
74,215.0,1.0,-0.03834154622795221,72.992,479.0,11080.0,9905.0,247.0,576.0,39.0,113.0,146.0,1,5.120858222222221,0.0
75,118.0,1.0,0.019835982850230017,559.54,391.0,9391.0,8434.0,219.0,422.0,57.0,80.0,94.0,1,1.9525279259259256,0.0
76,93.0,1.0,0.010500794785178772,1070.938,467.0,16360.0,13826.0,351.0,742.0,61.0,77.0,250.0,1,6.224863267326733,10.0
77,79.0,1.0,0.0111853044880828,22.65,405.0,9017.0,8307.0,214.0,458.0,58.0,100.0,122.0,0,4.459623000000001,0.0
78,152.75,0.0,-0.016128119258393494,103.833,374.0,11812.0,10743.0,242.0,515.0,50.0,92.0,100.0,0,4.8650798278339575,0.0
79,93.0,1.0,0.003353816539135266,103.833,319.0,9399.0,8613.0,195.0,616.0,70.0,74.0,143.0,0,3.8821672,0.0
80,188.0,1.0,0.0033405857511660856,103.833,250.0,6792.0,6380.0,167.0,341.0,35.0,50.0,119.0,0,6.190476190476191,0.0
81,91.0,1.0,-0.057978474493747614,1.94,605.0,20037.0,17715.0,449.0,1215.0,84.75,141.75,148.0,1,5.3219536,6.25
82,152.75,0.0,-0.04570137324679128,148.224,280.0,6364.0,5625.0,141.0,305.0,30.0,66.0,89.0,1,2.3367930555555554,3.333333333333333
83,124.0,1.0,0.02181132592841911,3841.264,721.0,15240.25,13751.5,540.0,794.5,131.0,141.75,173.0,1,7.4941354375,0.0
84,111.0,1.0,-0.002117746190072883,24.568,557.0,13821.0,12524.0,326.0,772.0,54.0,79.0,142.0,0,5.181001999999999,3.0303030303030303
85,198.0,0.0,0.009750672113699626,8.235,464.0,13061.0,11992.0,286.0,774.0,55.0,128.0,148.0,0,2.42575,0.0
86,107.0,1.0,0.00912459122415893,103.833,538.0,12732.0,11126.0,301.0,631.0,94.0,172.0,116.0,1,3.70337559817068,0.0
87,91.0,1.0,-0.02372061747056409,4.5169999999999995,382.0,8348.0,7626.0,177.0,519.0,48.0,88.0,89.0,0,3.384210869565217,0.0
88,118.0,1.0,0.0645993451786608,117.616,343.0,11441.0,9614.0,251.0,458.0,69.0,93.0,95.0,1,3.3292004,11.764705882352938
89,100.0,1.0,0.02105232914807478,198.834,379.0,10627.0,9495.0,253.0,477.0,74.0,100.0,105.0,1,3.0811366000000002,0.0
90,213.0,1.0,0.05110289644713397,141.873,674.0,17968.0,15879.0,434.0,890.0,66.0,224.0,181.0,0,2.007138105263158,0.0
91,114.0,1.0,0.07222780488186492,218.29,446.0,11805.0,10764.0,279.0,620.0,35.0,132.0,111.0,1,3.9362757777777784,0.0
92,14.0,0.0,-0.017173041723842902,21.873,348.0,8624.0,7620.0,197.0,376.0,46.0,77.0,81.0,0,3.619607843137255,13.333333333333336
93,93.0,1.0,0.0418707113204849,95.62299999999999,841.0,21926.0,19908.0,524.0,794.5,71.0,181.0,239.0,1,3.2956958666666667,0.0
94,83.0,1.0,-0.03041145779207778,0.36700000000000005,213.0,4951.0,4613.0,107.0,356.0,22.0,29.0,99.0,0,4.358452,0.0
95,97.0,0.0,0.033593111500030436,14.798,307.0,6993.0,6068.0,152.0,302.0,49.0,47.0,70.0,1,2.5001290000000003,5.5555555555555545
96,182.0,1.0,0.03382320623002174,64.482,514.0,21326.0,17574.0,396.0,889.0,139.0,110.0,198.0,0,1.0,7.142857142857142
97,71.0,0.0,-0.023035852320323243,96.10700000000001,301.0,6746.0,5723.0,155.0,338.0,21.0,77.0,53.0,1,2.570705333333333,13.333333333333336
98,88.0,0.0,-0.02372061747056409,12.231,456.0,10949.0,10098.0,246.0,515.0,30.0,92.0,115.0,1,3.112945333333333,9.090909090909092
99,96.0,1.0,-0.013719046092875624,918.513,500.0,13118.0,11870.0,306.0,738.0,80.0,146.0,181.0,1,2.150158538276296,0.0
100,94.0,1.0,0.030198862266011026,1392.4229999999998,675.0,19188.0,17466.0,465.0,1191.0,120.0,146.0,192.0,1,4.8650798278339575,7.142857142857142
101,139.0,0.0,0.025837184637571037,103.833,155.0,3670.0,3291.0,78.0,211.0,10.0,20.0,64.0,0,2.8769045454545457,0.0
102,100.0,1.0,0.024348418198384663,103.833,219.0,6176.0,5588.0,138.0,335.0,34.0,55.0,102.0,0,4.6742566666666665,0.0
103,58.0,1.0,-0.013856032240963977,26.586,413.0,10936.0,9806.0,278.0,697.0,39.0,92.0,201.0,0,4.4976522,7.6923076923076925
104,140.0,1.0,0.015247641034643978,22.488000000000003,303.0,7924.0,7112.0,184.0,467.0,63.0,78.0,76.0,1,4.72626,0.0
105,124.0,1.0,0.05336382324753392,232.947,541.0,15241.0,13991.0,353.0,720.0,67.0,168.0,188.0,0,5.735174907867553,8.333333333333332
106,98.0,1.0,-0.010094639243490348,103.833,707.0,18547.0,16397.0,436.0,586.0,101.0,160.0,170.0,1,2.9498137931034485,0.0
107,91.0,1.0,-0.1623519476777104,38.563,389.0,13094.0,10922.0,280.0,649.0,57.0,99.0,160.0,0,3.8400168,0.0
108,95.0,1.0,0.05537992930521834,293.605,765.0,23527.0,21301.0,544.0,794.5,120.0,202.0,271.0,0,3.213850583333333,0.0
109,170.0,1.0,0.041111496865317,113.311,668.0,18177.0,16384.0,407.0,878.0,98.0,141.75,145.0,0,4.1718373029080364,0.0
110,72.0,1.0,-0.024693936868313008,160.871,400.0,10224.0,8735.0,242.0,627.0,32.0,91.0,77.0,0,3.5950141843971632,0.0
111,93.0,1.0,0.06085692819100021,2447.04,502.0,14176.0,12830.0,328.0,1011.0,59.0,165.0,173.0,0,4.8650798278339575,0.0
112,152.75,1.0,0.002309869621072027,348.869,461.0,10824.0,9517.0,251.0,678.0,46.0,93.0,119.0,0,5.4368859090909085,5.5555555555555545
113,152.75,0.0,0.009441568676369545,103.833,347.0,10344.0,9413.0,242.0,492.0,73.0,97.0,136.0,1,7.11729,0.0
114,79.0,1.0,-0.058586673958785924,5069.0,550.75,15240.25,13751.5,353.75,794.5,84.75,141.75,270.0,0,3.17350542,0.0
115,107.0,1.0,0.00912459122415893,103.833,351.0,10352.0,9296.0,235.0,482.0,52.0,124.0,120.0,1,3.8735746,0.0
116,114.0,0.0,0.04778088730408685,103.833,411.0,15449.0,13760.0,325.0,786.0,82.0,146.0,198.0,0,2.3534359523809525,0.0
117,79.0,1.0,0.03380491886864125,371.445,460.0,10470.0,9025.0,258.0,471.0,83.0,121.0,125.0,1,2.0744170588235296,7.142857142857142
118,152.75,1.0,0.047564541326239926,6.6160000000000005,552.0,16370.0,14921.0,407.0,829.0,106.0,105.0,193.0,0,4.695581400000001,0.0
119,87.0,1.0,-0.010885933923670295,1650.652,549.0,14563.0,13072.0,373.0,754.0,134.0,109.0,130.0,1,1.3333333333333333,0.0
120,125.0,1.0,0.04154455600912957,506.305,473.0,13364.0,12112.0,312.0,713.0,85.0,208.0,215.0,1,2.196988053333333,12.5
121,70.0,1.0,-0.013775441835218064,8.677999999999999,184.0,4372.0,3950.0,100.0,276.0,28.0,38.0,50.0,0,4.352215666666667,6.666666666666668
122,107.0,1.0,-0.039305049874703096,330.11800000000005,324.0,9268.0,8267.0,216.0,481.0,86.0,82.0,110.0,1,2.2962963333333333,0.0
123,107.0,1.0,0.00912459122415893,59.261,406.0,12065.0,11056.0,282.0,667.0,72.0,169.0,182.0,1,3.9533444776119397,0.0
124,137.0,1.0,-0.0028482541806786194,207.502,444.0,11520.0,10301.0,256.0,714.0,36.0,108.0,151.0,1,2.585507466666667,6.25
125,100.0,1.0,0.056994918380870514,1239.711,656.0,9195.75,18173.0,486.0,1135.0,77.0,229.0,219.0,1,1.0294771241830063,0.0
126,98.0,1.0,-0.009069643520976828,519.023,520.0,14111.0,12212.0,357.0,555.0,87.0,74.0,105.0,1,2.4244543373493976,0.0
127,152.75,1.0,-0.02246402239096419,388.556,441.0,10174.0,8833.0,243.0,464.0,59.0,80.0,81.0,1,2.9024136312849156,0.0
128,79.0,1.0,-0.04592827797495853,100.181,579.0,14175.0,12724.0,327.0,762.0,64.0,147.0,175.0,0,5.555218166666666,4.166666666666666
129,100.0,1.0,0.04437081598735093,23.333000000000002,547.0,13649.0,12553.0,314.0,711.0,57.0,144.0,147.0,0,4.945218166666667,7.142857142857142
130,37.0,1.0,0.03380491886864125,502.6,444.0,11249.0,10105.0,273.0,579.0,71.0,104.0,168.0,1,2.0811074482758616,0.0
131,226.0,1.0,0.059454155167011566,269.608,817.0,21885.0,19296.0,531.0,1080.0,94.0,141.75,183.0,0,1.894947527444576,0.0
132,94.0,0.0,0.016442651117707995,63.086000000000006,639.0,16242.0,14886.0,380.0,808.0,78.0,134.0,198.0,0,3.2157305043244064,0.0
133,77.0,1.0,0.013148883711569307,103.833,201.0,4914.0,4435.0,118.0,322.0,38.0,37.0,65.0,0,4.445895666666667,0.0
134,133.0,1.0,0.008014169559762604,32.179,419.0,10764.0,9856.0,259.0,643.0,-1.0,97.0,134.0,1,4.333333333333333,9.090909090909092
135,112.0,1.0,-0.006455284788673374,14.344000000000001,337.0,7944.0,7063.0,178.0,471.0,71.0,68.0,75.0,0,4.133406833333333,6.666666666666668
136,190.0,1.0,0.008465131972944255,33.873000000000005,446.0,13076.0,11561.0,292.0,641.0,38.0,118.0,150.0,0,3.305230754716981,12.5
137,63.0,0.0,-0.0035916357394070756,378.525,462.0,13073.0,11606.0,295.0,644.0,53.0,153.0,169.0,1,5.400491566265059,7.6923076923076925
138,83.0,1.0,0.03789430732969007,103.833,204.0,5329.0,4918.0,124.0,303.0,25.0,90.0,101.0,0,5.281344666666667,8.333333333333332
139,64.0,1.0,0.06947587823623698,103.833,132.0,3752.0,3440.0,94.0,257.0,13.0,45.0,65.0,0,5.031584,0.0
140,126.0,1.0,-0.00670254782597516,320.732,600.0,17001.0,15198.0,386.0,819.0,62.0,129.0,158.0,1,2.2695068757464014,5.882352941176469
141,152.75,1.0,0.044272134313262886,35.075,398.0,9214.0,8205.0,218.0,492.0,35.0,53.0,137.0,1,4.6968078,13.333333333333336
142,203.0,1.0,0.00895365761153808,757.7260000000001,503.0,13988.0,12358.0,292.0,722.0,62.0,122.0,172.0,1,2.711872692307692,4.3478260869565215
143,91.0,0.0,-0.014905424266206996,2.056,326.0,7983.0,7197.0,185.0,390.0,22.0,64.0,90.0,0,2.6998105714285714,0.0
144,23.0,1.0,-0.011281887075742946,164.044,578.0,13819.0,12325.0,338.0,747.0,46.0,153.0,156.0,0,3.768065692307693,0.0
145,152.75,1.0,0.00314882531779097,587.899,391.0,9798.0,8599.0,239.0,474.0,75.0,104.0,120.0,1,4.365157599999999,5.5555555555555545
146,93.0,1.0,6.118775639270778e-05,32.82,461.0,13124.0,11673.0,291.0,637.0,28.0,210.0,166.0,1,1.8358322033898304,0.0
147,177.0,1.0,-0.015121373258590741,108.581,399.0,9581.0,8564.0,219.0,487.0,60.0,96.0,114.0,1,3.865883535353536,7.6923076923076925
148,11.0,1.0,0.049754821648229856,16.87,271.0,7059.0,6572.0,157.0,382.0,26.0,69.0,91.0,1,1.0,0.0
149,100.0,0.0,0.026627414345186208,0.493,240.0,5857.0,5358.0,126.0,297.0,27.0,52.0,100.0,0,2.857390626811428,0.0
150,152.75,1.0,0.04356371060724448,50.556000000000004,473.0,12416.0,10835.0,296.0,651.0,86.0,127.0,115.0,0,2.0440775471698114,16.666666666666664
151,17.0,1.0,0.017113521083632423,18.324,680.0,17884.0,16256.0,427.0,842.0,108.0,133.0,167.0,1,3.5415584415584416,7.142857142857142
152,35.0,1.0,0.03113477157157728,259.671,628.0,18818.0,17076.0,437.0,1003.0,112.0,155.0,234.0,1,5.009947447447448,0.0
153,89.0,1.0,0.05063222853902577,27.552,364.0,9528.0,8599.0,235.0,475.0,38.0,51.0,84.0,0,4.042591343283582,7.142857142857142
154,96.0,0.0,0.05436796021880253,76.58800000000001,238.0,7439.0,5979.0,147.0,358.0,33.0,38.0,54.0,1,2.959999427999924,0.0
155,79.0,1.0,0.04161250286003572,157.19799999999998,379.0,8656.0,7826.0,201.0,393.0,34.0,54.0,111.0,1,3.1155844155844155,7.6923076923076925
156,76.0,1.0,-0.02780558531861782,287.579,448.0,11504.0,10115.0,252.0,593.0,91.0,116.0,152.0,1,1.8366217297297296,0.0
157,152.75,1.0,0.0009944971818087848,3037.567,550.75,15240.25,13751.5,353.75,794.5,84.75,141.75,173.0,1,4.15706455,0.0
158,101.0,1.0,-0.0464621559185416,198.29,475.0,13415.0,11775.0,299.0,685.0,44.0,120.0,129.0,1,3.4710365107049053,0.0
159,120.0,1.0,0.01076544990065678,41.633,357.0,10058.0,8948.0,235.0,483.0,46.0,60.0,93.0,1,2.0485754000000003,15.384615384615385
160,93.0,1.0,-0.03041145779207778,10.577,246.0,6263.0,5637.0,140.0,389.0,54.0,48.0,84.0,0,3.890629420289855,8.333333333333332
161,85.0,1.0,0.04946365377677967,8834.5,488.0,15252.0,13819.0,365.0,709.0,111.0,141.75,197.0,0,4.8650798278339575,0.0
162,127.0,1.0,-0.006315604699400098,40.71,501.0,14090.0,12203.0,327.0,728.0,55.0,94.0,129.0,0,2.733700933333333,10.0
163,119.0,0.0,-0.036967158416258285,1.5719999999999998,372.0,8565.0,7930.0,197.0,449.0,45.0,39.0,112.0,0,2.298457727272728,0.0
164,218.0,1.0,-0.005558980159684734,1920.9089999999999,510.0,14060.0,12402.0,331.0,744.0,71.0,76.0,144.0,1,2.43,0.0
165,186.0,0.0,-0.05097464568124585,105.311,550.75,15240.25,13751.5,353.75,794.5,119.0,178.0,153.0,0,4.8650798278339575,0.0
166,89.0,1.0,-0.008561623058511695,46.434,415.0,12424.0,11126.0,289.0,627.0,37.0,90.0,141.0,0,7.0057937753721236,7.142857142857142
167,252.0,1.0,0.033648959575388014,243.446,326.0,9669.0,8658.0,212.0,420.0,67.0,69.0,103.0,1,2.5245901139478653,0.0
168,114.0,1.0,-0.003240929708257981,304.558,395.0,11536.0,9980.0,243.0,599.0,63.0,115.0,141.0,0,2.64204768,0.0
169,69.0,1.0,-0.08287206810309786,256.445,635.0,20533.0,18099.0,506.0,1116.0,49.0,73.0,128.0,0,0.2832230556912897,0.0
170,85.0,1.0,-0.003981063940780011,9495.246,808.0,21623.0,19603.0,498.0,794.5,84.75,232.0,173.0,1,4.8650798278339575,0.0
171,105.0,1.0,0.04846885250614673,83.65799999999999,645.0,17335.0,15534.0,406.0,1017.0,76.0,195.0,211.0,1,3.710239041916168,8.333333333333332
172,140.0,1.0,0.02538328073525964,33.047,439.0,11526.0,10498.0,267.0,715.0,46.0,93.0,126.0,1,3.673782087912088,7.142857142857142
173,85.0,1.0,-0.005558980159684734,2031.869,489.0,11759.0,10425.0,279.0,580.0,46.0,58.0,114.0,1,4.938986900000001,6.666666666666668
174,90.0,1.0,0.020089649378692197,289.041,500.0,15288.0,14243.0,360.0,912.0,69.0,122.0,165.0,1,3.5404412727272727,5.882352941176469
175,98.0,1.0,-0.05328217125439354,111.64299999999999,691.0,21187.0,18377.0,485.0,1044.0,45.0,192.0,236.0,0,1.8660820381373435,0.0
176,77.0,1.0,-0.03751629906765014,32.539,510.0,14346.0,12184.0,306.0,689.0,60.0,96.0,173.0,0,4.364750833333333,0.0
177,173.0,1.0,0.014041837854611824,103.833,797.0,22667.0,20515.0,549.0,1200.0,95.0,165.0,173.0,1,4.8650798278339575,13.333333333333336
178,72.0,0.0,0.02312823138279143,0.099,390.0,12337.0,10849.0,283.0,599.0,51.0,128.0,96.0,1,5.0451347386178735,0.0
179,118.0,1.0,0.05757457296364237,359.68300000000005,274.0,6475.0,5603.0,130.0,310.0,25.0,40.0,62.0,1,2.4430585,13.333333333333336
180,84.0,1.0,-0.00021042127293830208,577.135,436.0,13641.0,12250.0,333.0,664.0,95.0,234.0,164.0,1,5.410859011235955,11.764705882352938
181,70.0,1.0,0.058521117085336576,7619.951999999999,550.75,22922.0,20861.0,548.0,1065.0,84.75,141.75,173.0,1,2.44785104297914,0.0
182,91.0,1.0,-0.019651975924335503,1333.3220000000001,429.0,10346.0,8914.0,260.0,462.0,38.0,55.0,109.0,0,2.8343583205119627,0.0
183,81.0,1.0,0.015487112031121256,915.4019999999999,579.0,14710.0,12556.0,325.0,656.0,89.0,119.0,123.0,1,3.1646254444444444,5.0
184,119.0,1.0,0.023492497110513436,103.833,382.0,12420.0,11400.0,286.0,755.0,57.0,102.0,175.0,0,2.2987150666666665,0.0
185,77.0,0.0,-0.004839837912175111,418.983,487.0,12049.0,10785.0,279.0,562.0,83.0,173.0,112.0,0,2.3915010191082797,0.0
186,107.0,1.0,0.006842770621949718,2599.8160000000003,467.0,13273.0,11870.0,296.0,613.0,64.0,88.0,119.0,0,2.9770785422222223,7.142857142857142
187,76.0,0.0,0.04401094690851535,41.056000000000004,339.0,8274.0,7487.0,204.0,421.0,49.0,95.0,70.0,1,3.41075859375,13.333333333333336
188,118.0,1.0,-0.0006468979863711416,0.826,186.0,4849.0,4306.0,117.0,356.0,55.0,44.0,124.0,0,3.9456260000000003,0.0
189,107.0,1.0,0.045262646375410436,114.29899999999999,511.0,14805.0,13480.0,357.0,750.0,69.0,93.0,154.0,1,1.0000056533333332,0.0
190,197.0,1.0,-0.0173493970743838,224.299,310.0,8124.0,7223.0,182.0,414.0,60.0,76.0,63.0,1,3.773945384025617,0.0
191,99.0,1.0,0.010983105662161895,300.986,410.0,12454.0,11708.0,294.0,654.0,57.0,63.0,115.0,0,3.6254126551724135,16.666666666666664
192,244.0,1.0,0.030940585942283706,56.547,592.0,15406.0,14065.0,367.0,840.0,76.0,96.0,182.0,0,5.09054,7.142857142857142
193,98.0,1.0,0.0063111258475112494,81.138,334.0,8295.0,7392.0,202.0,364.0,33.0,49.0,92.0,1,3.1328653658536587,9.090909090909092
194,72.0,1.0,-0.004151915958176803,103.833,153.0,3467.0,3225.0,77.0,204.0,14.0,30.0,52.0,0,5.3588853191489365,0.0
195,58.0,1.0,-0.0266422234473113,89.62799999999999,821.0,21505.0,19210.0,535.0,979.0,84.75,230.0,198.0,1,4.859889794139268,0.0
196,93.0,1.0,0.03156724266362676,130.688,581.0,14932.0,13665.0,332.0,876.0,107.0,76.0,140.0,1,5.4840808,0.0
197,152.75,1.0,-0.002712191788526248,202.808,489.0,12532.0,10798.0,304.0,657.0,42.0,48.0,137.0,1,3.7708166666666663,0.0
198,171.0,1.0,0.00944825402994243,13.737,406.0,10628.0,9853.0,250.0,584.0,59.0,92.0,122.0,1,2.21626856,0.0
199,120.0,1.0,-0.011181452773144654,911.612,619.0,9195.75,19153.0,474.0,1108.0,104.0,224.0,253.0,0,2.8219362,0.0
200,152.75,1.0,-0.002712191788526248,1684.158,551.0,14707.0,13485.0,354.0,746.0,92.0,162.0,172.0,1,6.98851385,0.0
201,132.0,1.0,0.019835982850230017,242.327,443.0,10979.0,10149.0,265.0,599.0,70.0,80.0,106.0,1,2.8382982666666665,0.0
202,79.0,1.0,-0.010369428156983829,63.477,396.0,11277.0,9497.0,253.0,542.0,69.0,73.0,110.0,1,3.1756207692307687,3.333333333333333
203,107.0,1.0,0.00912459122415893,12.999,224.0,6146.0,5551.0,154.0,386.0,29.0,52.0,140.0,1,4.639932352941177,0.0
204,152.75,1.0,0.017348745653835332,71.348,582.0,20386.0,17076.0,438.0,1041.0,101.0,121.0,204.0,0,4.8650798278339575,9.523809523809524
205,152.75,1.0,0.026555255526722457,853.5989999999999,488.0,17328.0,14433.0,369.0,912.0,95.0,113.0,205.0,1,3.733661434599156,6.896551724137932
206,82.0,1.0,0.006385606555695641,45.802,466.0,11312.0,10263.0,280.0,583.0,46.0,89.0,132.0,0,3.9265983999999996,0.0
207,152.75,1.0,0.038019996703800685,149.523,383.0,14271.0,12232.0,263.0,817.0,59.0,115.0,217.0,0,4.3804010324986455,0.0
208,179.0,0.0,-0.01238272736361786,358.574,649.0,17598.0,15758.0,419.0,793.0,76.0,145.0,221.0,1,5.1115949999999994,0.0
209,135.0,1.0,0.03047147241511062,41.706,530.0,16561.0,15145.0,383.0,780.0,84.75,87.0,183.0,1,4.20914025,0.0
210,133.0,1.0,0.0400947259947003,41.471000000000004,467.0,12465.0,11251.0,290.0,680.0,41.0,119.0,151.0,0,4.8650798278339575,0.0
211,125.0,1.0,0.04110381750255497,77.92399999999999,404.0,11624.0,10574.0,262.0,628.0,53.0,99.0,127.0,0,4.399302428571429,0.0
212,243.0,1.0,0.04946365377677967,334.528,406.0,13908.0,11475.0,293.0,759.0,100.0,108.0,142.0,1,6.854330166666666,0.0
213,201.0,1.0,0.014589883564370137,103.988,712.0,17064.0,15524.0,404.0,868.0,76.0,132.0,181.0,1,4.157161194029851,14.285714285714285
214,92.0,1.0,-0.039427182272424366,35.414,441.0,11236.0,9986.0,272.0,586.0,38.0,66.0,129.0,1,3.422676714285714,6.25
215,107.0,1.0,0.00912459122415893,103.833,521.0,12812.0,11190.0,285.0,545.0,72.0,60.0,121.0,1,1.0,0.0
216,174.0,1.0,-0.04017284790046339,103.833,269.0,6939.0,6268.0,154.0,364.0,19.0,72.0,94.0,0,3.2618226000000003,0.0
217,107.0,1.0,0.00912459122415893,109.336,444.0,12045.0,10785.0,279.0,624.0,60.0,100.0,134.0,1,6.265344571428572,0.0
218,72.0,1.0,0.012479814606479392,86.334,577.0,14667.0,13105.0,350.0,857.0,83.0,183.0,154.0,0,4.157216574585634,0.0
219,152.75,0.0,0.03158121781594317,37.907,584.0,17934.0,16566.0,409.0,950.0,129.0,151.0,178.0,1,2.11090576,0.0
220,76.0,1.0,0.05110289644713397,49.63399999999999,487.0,13425.0,11924.0,322.0,795.0,63.0,141.0,171.0,0,2.9552865048543686,0.0
221,152.75,1.0,0.035887402851303866,73.954,534.0,13599.0,12071.0,312.0,724.0,69.0,112.0,188.0,1,5.4677352,7.142857142857142
222,86.0,1.0,-0.03718971511231524,1737.01,561.0,18863.0,16404.0,402.0,896.0,108.0,180.0,174.0,0,5.5459934375,0.0
223,140.0,1.0,-0.014565682221295203,41.419,186.0,4936.0,4482.0,99.0,306.0,46.0,34.0,76.0,0,5.92847123076923,10.526315789473683
224,76.0,1.0,0.017113521083632423,78.706,388.0,10728.0,9590.0,247.0,554.0,56.0,83.0,125.0,1,1.8275168000000002,6.25
225,241.0,1.0,-0.041430293245650736,48.672,537.0,17295.0,14589.0,353.0,731.0,45.0,159.0,159.0,0,2.80892256,0.0
226,107.0,1.0,-0.08225588236193797,3711.0,604.0,16954.0,15686.0,402.0,833.0,111.0,105.0,209.0,1,5.075770216011843,5.5555555555555545
227,111.0,1.0,0.02059574803800171,994.3,552.0,14365.0,13005.0,318.0,805.0,99.0,188.0,162.0,1,1.8802385853451928,7.142857142857142
228,152.75,0.0,0.04943393010665701,345.99699999999996,703.0,20955.0,18596.0,484.0,1148.0,123.0,229.0,182.0,0,5.3449196,0.0
229,92.0,1.0,-0.05263816056638923,36.216,404.0,14611.0,12408.0,313.0,649.0,61.0,110.0,162.0,0,6.325941788617886,11.764705882352938
230,135.0,1.0,-0.04436262175280906,44.926,522.0,14385.0,13042.0,341.0,747.0,67.0,149.0,174.0,0,4.005873830155979,15.384615384615385
231,92.0,1.0,0.023492497110513436,197.18900000000002,491.0,12691.0,11477.0,304.0,530.0,68.0,77.0,151.0,1,5.612354951190717,6.25
232,244.0,1.0,0.0552387875374565,354.07300000000004,707.0,18639.0,16376.0,434.0,1013.0,75.0,154.0,184.0,1,6.210583510848126,0.0
233,46.0,1.0,-0.011098404275872215,92.31700000000001,644.0,23894.0,21072.0,500.0,794.5,84.75,218.0,173.0,1,4.405614976,6.25
234,217.0,1.0,-0.0014126500501653585,441.099,528.0,15723.0,13895.0,352.0,742.0,73.0,145.0,141.0,1,3.9698481176470586,0.0
235,137.0,0.0,-0.0038625301630184,14.685,250.0,7858.0,6364.0,168.0,370.0,49.0,72.0,66.0,1,4.3866448,0.0
236,62.0,1.0,0.005860839623049092,103.833,347.0,8425.0,7702.0,194.0,464.0,50.0,79.0,147.0,0,4.4468852,0.0
237,76.0,1.0,0.010983105662161895,2.585,238.0,5333.0,4809.0,127.0,304.0,30.0,44.0,62.0,0,4.908515777777779,7.6923076923076925
238,94.0,1.0,0.01976938067024998,79.367,589.0,20652.0,17627.0,437.0,916.0,93.0,149.0,208.0,1,4.352582,13.333333333333336
239,152.75,1.0,-0.006417682468154485,262.843,518.0,11280.0,9863.0,246.0,636.0,52.0,117.0,100.0,1,1.39701728,0.0
240,104.0,1.0,-0.01910244342436604,4458.0,550.75,15240.25,13751.5,353.75,794.5,84.75,141.75,173.0,0,5.513990643678161,0.0
241,140.0,1.0,0.042603241797504535,48.063,552.0,16842.0,15075.0,409.0,785.0,97.0,187.0,200.0,0,3.4693638,11.111111111111109
242,100.0,1.0,-0.024071643443847882,58.015,379.0,9337.0,8514.0,219.0,514.0,43.0,70.0,125.0,1,2.9819815384615387,0.0
243,78.0,1.0,0.006385606555695641,397.06,486.0,16280.0,13922.0,350.0,674.0,48.0,73.0,112.0,1,1.8832534500784768,0.0
244,100.0,1.0,0.06748534626612396,211.791,572.0,15728.0,14270.0,376.0,777.0,90.0,131.0,189.0,1,5.15151752,7.142857142857142
245,113.0,0.0,0.0009944971818087848,92.40899999999999,334.0,9107.0,8103.0,222.0,381.0,57.0,82.0,97.0,1,2.8248920642791906,12.5
246,83.0,1.0,-0.05328217125439354,617.977,641.0,15238.0,13795.0,360.0,727.0,92.0,113.0,184.0,1,5.8482648298506845,0.0
247,38.0,0.0,-0.019194814550172485,103.833,386.0,10343.0,9280.0,233.0,364.0,49.0,58.0,94.0,1,1.75,0.0
248,181.0,1.0,0.029860707346193963,16.396,522.0,16504.0,14728.0,367.0,888.0,89.0,140.0,174.0,0,3.446204195804196,7.142857142857142
249,59.0,1.0,0.027548650055080844,1565.406,326.0,7535.0,6811.0,171.0,455.0,43.0,84.0,93.0,1,2.9278181676540904,5.882352941176469
250,188.0,1.0,0.045262646375410436,312.796,473.0,12699.0,11422.0,213.25,693.0,84.0,112.0,123.0,1,4.783676,0.0
251,73.0,1.0,0.041253540387578766,99.63,449.0,10493.0,9526.0,275.0,435.0,108.0,76.0,105.0,1,2.6927686075949366,16.666666666666664
252,76.0,1.0,-0.024693936868313008,0.327,315.0,7546.0,6755.0,183.0,344.0,48.0,45.0,73.0,0,4.857241840389003,0.0
253,127.0,1.0,0.03942151419367548,2260.728,279.0,7458.0,6620.0,163.0,372.0,62.0,108.0,71.0,1,4.166666666666667,0.0
254,73.0,1.0,0.038019996703800685,66.471,517.0,16152.0,14728.0,365.0,855.0,59.0,87.0,128.0,1,2.675028340425532,0.0
255,93.0,1.0,0.017658788652279187,46.166000000000004,600.0,17913.0,15413.0,380.0,865.0,78.0,169.0,225.0,0,3.895600684931507,4.545454545454546
256,97.0,1.0,0.02312823138279143,438.135,385.0,12828.0,0.0,286.0,591.0,79.0,89.0,181.0,1,3.491242626900197,0.0
257,127.0,1.0,-0.0010333903498208519,331.478,398.0,11665.0,10563.0,271.0,627.0,68.0,139.0,145.0,1,4.8650798278339575,0.0
258,77.0,1.0,-0.03686673336937319,41.98,504.0,11591.0,10586.0,270.0,658.0,69.0,155.0,131.0,0,7.5228042,0.0
259,76.0,1.0,-0.008501908788810792,357.441,249.0,5951.0,5368.0,150.0,270.0,63.0,52.0,71.0,0,2.33417903930131,6.666666666666668
260,70.0,0.0,0.004195599746942382,0.9990000000000001,275.0,7435.0,6629.0,179.0,390.0,56.0,97.0,73.0,0,2.5485895652173918,0.0
261,104.0,1.0,0.0502573584765036,0.623,469.0,14556.0,13287.0,338.0,795.0,60.0,144.0,203.0,0,4.301513,0.0
262,114.0,1.0,-0.05411991916838179,588.248,566.0,15862.0,14098.0,350.0,738.0,89.0,191.0,156.0,1,3.4975354666666667,0.0
263,93.0,1.0,-0.03722228311578906,323.79400000000004,449.0,11800.0,10541.0,285.0,459.0,65.0,117.0,112.0,1,2.5787793333333333,0.0
264,112.0,1.0,-0.026448766740728977,1465.934,481.0,13451.0,12143.0,322.0,673.0,69.0,87.0,162.0,1,4.8650798278339575,0.0
265,155.0,1.0,0.008862654741110488,1610.43,653.0,16101.0,14740.0,393.0,920.0,111.0,118.0,170.0,0,4.8650798278339575,17.647058823529417
266,108.0,1.0,-0.00635224375195689,127.147,759.0,18196.0,16262.0,397.0,959.0,85.0,228.0,173.0,1,4.8650798278339575,0.0
267,214.0,0.0,0.052040849972570837,103.833,688.0,19260.0,17088.0,502.0,1066.0,133.0,205.0,231.0,1,2.6126362857142857,0.0
268,107.0,1.0,0.00912459122415893,103.833,631.0,19479.0,17409.0,451.0,976.0,71.0,141.75,155.0,1,6.979164999999999,7.142857142857142
269,78.0,0.0,0.056994918380870514,189.426,409.0,11586.0,10406.0,275.0,483.0,58.0,78.0,111.0,1,1.9644417391304347,0.0
270,85.0,0.0,0.013148883711569307,103.833,212.0,5549.0,5001.0,121.0,350.0,27.0,59.0,104.0,0,4.388728648648649,0.0
271,111.0,1.0,-0.023438007501532743,103.833,194.0,4711.0,4288.0,100.0,321.0,29.0,50.0,107.0,0,4.554213518518519,3.571428571428571
272,89.0,1.0,-0.014063666503357755,39.505,543.0,12153.0,10981.0,282.0,701.0,44.0,177.0,112.0,1,4.4120029999999995,0.0
273,202.0,1.0,0.04916280160245258,89.839,368.0,9715.0,8919.0,239.0,579.0,95.0,74.0,106.0,1,4.1769873911506314,0.0
274,91.0,1.0,0.0020075989510756733,24.018,408.0,11031.0,10081.0,264.0,615.0,63.0,125.0,129.0,0,3.1238580000000002,13.333333333333336
275,78.0,1.0,-0.0272555787559859,30683.0,419.0,11705.0,10268.0,266.0,539.0,54.0,141.75,133.0,1,4.082449286846277,5.263157894736842
276,152.75,1.0,-0.032710695501986374,89.734,255.0,7089.0,6206.0,154.0,304.0,30.0,61.0,66.0,1,5.458876698014629,0.0
277,109.0,1.0,-0.0038625301630184,600.21,628.0,13202.0,11872.0,302.0,615.0,72.0,153.0,121.0,1,3.3306986057142858,12.5
278,89.0,1.0,-0.00860636833200647,3.25,279.0,6061.0,5315.0,137.0,299.0,17.0,50.0,65.0,0,2.723932571428572,0.0
279,111.0,1.0,0.007191348327184309,103.833,494.0,12518.0,11207.0,297.0,603.0,49.0,103.0,135.0,1,3.2872663043478263,5.263157894736842
280,93.0,1.0,0.036830796877746964,900.424,402.0,9827.0,9062.0,229.0,646.0,63.0,77.0,87.0,1,3.439104,0.0
281,177.0,1.0,-0.04986259667304091,58.097,364.0,9716.0,8724.0,229.0,448.0,63.0,71.0,99.0,1,2.565005257142857,0.0
282,78.0,1.0,0.059454155167011566,61.67100000000001,384.0,9162.0,8336.0,206.0,504.0,54.0,68.0,110.0,1,6.196441111111112,13.333333333333336
283,98.0,1.0,-0.01269239188194706,43.95,379.0,9015.0,7919.0,201.0,441.0,48.0,71.0,103.0,1,4.206828793774319,7.142857142857142
284,92.0,1.0,0.026883961460419603,103.833,257.0,6230.0,5669.0,140.0,363.0,25.0,86.0,89.0,0,3.28862912,0.0
285,22.0,1.0,-0.06119950743568561,121.70299999999999,550.75,15240.25,21762.0,550.0,1181.0,105.0,212.0,203.0,1,2.5466119166666665,0.0
286,107.0,1.0,0.00912459122415893,73.262,377.0,10731.0,9703.0,240.0,486.0,45.0,104.0,96.0,1,4.8650798278339575,0.0
287,104.0,0.0,-0.03995423330689589,103.833,399.0,14339.0,12728.0,297.0,723.0,49.0,98.0,185.0,0,3.1684083999999997,0.0
288,152.75,1.0,-0.010885933923670295,602.749,556.0,15244.0,12877.0,373.0,646.0,50.0,147.0,85.0,1,4.800957037037037,7.142857142857142
289,209.0,1.0,-0.02258578146813989,980.328,400.0,12453.0,10880.0,280.0,621.0,53.0,82.0,86.0,1,2.5335335999999997,0.0
290,115.0,1.0,-0.014905424266206996,856.763,408.0,12745.0,10844.0,280.0,649.0,56.0,134.0,116.0,1,3.0473164361702128,14.705882352941178
291,125.0,1.0,0.026883961460419603,7469.2,719.0,21471.0,19155.0,472.0,1133.0,90.0,207.0,246.0,1,3.6336906216354055,0.0
292,79.0,1.0,0.00912459122415893,11485.0,550.75,15240.25,13751.5,353.75,794.5,84.75,141.75,173.0,0,3.6603772901958007,4.545454545454546
293,153.0,1.0,0.02464217157312161,110.294,314.0,9689.0,8471.0,226.0,512.0,30.0,48.0,79.0,0,3.257192,0.0
294,184.0,1.0,0.036866889518440776,640.138,298.0,7996.0,7144.0,200.0,441.0,40.0,66.0,109.0,0,2.54,0.0
295,140.0,1.0,0.051895160794828976,177.218,453.0,11082.0,10081.0,261.0,575.0,63.0,73.0,176.0,1,2.772191006423983,0.0
296,37.0,1.0,-0.03990318894493307,1.805,437.0,13908.0,12987.0,299.0,854.0,111.0,108.0,208.0,1,3.1466966,7.142857142857142
297,94.0,1.0,-0.019999416118981355,90.16,712.0,18370.0,16214.0,448.0,1136.0,71.0,203.0,211.0,0,6.6943877999999994,0.0
298,139.0,0.0,0.019074145624490203,65.093,193.0,5232.0,4434.0,140.0,167.0,31.0,38.0,62.0,1,2.6060000000000003,0.0
299,152.75,1.0,-0.022858004861799515,66.676,550.75,15240.25,13751.5,353.75,794.5,84.75,141.75,173.0,0,3.718074375,9.090909090909092
300,116.0,1.0,0.050248012316791976,140.69899999999998,795.0,15240.25,13751.5,353.75,794.5,84.75,224.0,247.0,0,4.480451272727274,0.0
301,132.0,1.0,0.03942151419367548,25.429000000000002,377.0,9992.0,9024.0,241.0,458.0,40.0,88.0,117.0,0,3.8319411950670212,8.333333333333332
302,112.0,1.0,-0.05097464568124585,42.674,477.0,14652.0,13114.0,341.0,678.0,73.0,123.0,184.0,0,0.43661313989637307,0.0
303,130.0,1.0,0.022092379851270345,2.9739999999999998,320.0,8590.0,7776.0,200.0,455.0,46.0,61.0,91.0,0,3.6556055,0.0
304,112.0,0.0,0.03904847780282676,8.783999999999999,232.0,6379.0,5660.0,162.0,356.0,22.0,42.0,65.0,1,2.1246312727272727,0.0
305,119.0,1.0,-0.06729617762554349,84.804,382.0,9800.0,8989.0,240.0,545.0,62.0,79.0,127.0,1,6.961316166666666,0.0
306,93.0,1.0,0.018783088263761943,1.0959999999999999,249.0,6457.0,5882.0,137.0,375.0,40.0,58.0,94.0,0,3.4991220000000003,0.0
307,155.0,1.0,0.07023428379468515,136.136,624.0,15272.0,13465.0,379.0,724.0,58.0,111.0,131.0,0,4.298606266666667,7.142857142857142
308,152.75,1.0,0.01545098227966197,79.556,423.0,12853.0,11647.0,297.0,758.0,79.0,80.0,125.0,1,4.8650798278339575,0.0
309,98.0,1.0,0.01972689047532399,76.87,385.0,9315.0,7874.0,225.0,398.0,37.0,35.0,82.0,1,4.156215203021719,5.882352941176469
310,121.0,1.0,-0.0042573398548124385,103.833,330.0,8777.0,7987.0,198.0,504.0,69.0,69.0,142.0,1,3.3794776,0.0
311,181.0,1.0,0.02641328115211709,92.83,284.0,7061.0,6236.0,172.0,319.0,21.0,55.0,52.0,1,4.8650798278339575,7.142857142857142
312,147.0,1.0,-0.0928793314420471,190.002,366.0,10413.0,9315.0,247.0,559.0,37.0,120.0,99.0,0,2.848424807692308,0.0
313,152.75,0.0,-0.001710114517104365,6.154,267.0,8492.0,7699.0,186.0,418.0,47.0,53.0,85.0,1,1.406943619047619,0.0
314,124.0,1.0,-0.014063666503357755,96.385,454.0,11688.0,10597.0,259.0,547.0,69.0,108.0,121.0,1,4.764474111111111,13.79310344827586
315,148.0,1.0,0.0502573584765036,58.852,487.0,12754.0,11894.0,308.0,709.0,87.0,148.0,186.0,1,3.53659544117647,9.090909090909092
316,106.0,1.0,-0.00635224375195689,535.328,546.0,12934.0,11533.0,291.0,632.0,119.0,181.0,135.0,1,2.3311032916220658,0.0
317,124.0,1.0,0.017209259248019117,213.459,456.0,11938.0,10797.0,297.0,618.0,64.0,133.0,137.0,1,2.4947708,14.285714285714285
318,157.0,1.0,0.06699643578439203,115.81299999999999,364.0,8513.0,7478.0,184.0,484.0,34.0,76.0,71.0,0,2.9381557999999997,6.666666666666668
319,75.0,1.0,-0.043140280328260464,36.102,663.0,20531.0,18625.0,482.0,1213.0,84.75,146.0,173.0,0,5.694773226104536,0.0
320,105.0,1.0,-0.006315604699400098,21.083000000000002,502.0,14256.0,12246.0,315.0,638.0,45.0,80.0,138.0,0,7.244693053892216,13.043478260869565
321,119.0,1.0,0.043750230991979264,126.449,494.0,13603.0,12087.0,321.0,790.0,32.0,89.0,121.0,1,2.65742024,15.0
322,155.0,1.0,0.03373003095682972,33.718,397.0,9988.0,9000.0,246.0,570.0,45.0,81.0,127.0,0,3.992696933333333,0.0
323,168.0,0.0,0.0928958048742471,45.494,463.0,11323.0,10198.0,286.0,515.0,28.0,126.0,116.0,1,4.4275496428571435,16.666666666666664
324,223.0,1.0,0.047434548648868174,205.50900000000001,469.0,12809.0,11375.0,295.0,589.0,58.0,120.0,152.0,1,1.6149783375864208,0.0
325,196.0,1.0,-0.0215517750235283,1040.367,432.0,12603.0,11101.0,278.0,550.0,87.0,124.0,106.0,0,2.7566539772727268,0.0
326,88.0,1.0,0.013508915272795578,1771.4,339.0,8847.0,8067.0,221.0,481.0,56.0,156.0,116.0,0,5.274146400000001,0.0
327,133.0,1.0,-0.08287206810309786,107.15299999999999,443.0,11492.0,10055.0,277.0,546.0,70.0,119.0,126.0,1,4.5258559440559445,0.0
328,55.0,1.0,-0.02685481572551105,763.836,515.0,11902.0,10394.0,265.0,537.0,68.0,121.0,147.0,1,3.600750833333333,7.142857142857142
329,106.0,0.0,0.05849216094127141,39.037,441.0,11034.0,10178.0,254.0,613.0,50.0,82.0,140.0,0,2.6139382417582415,0.0
330,107.0,1.0,0.00912459122415893,103.833,246.0,527.0,9046.0,355.0,794.5,64.0,48.0,123.0,1,3.70337559817068,0.0
331,74.0,1.0,-0.017748889853808732,103.833,514.0,12918.0,11924.0,298.0,795.0,69.0,90.0,170.0,0,3.9133134,0.0
332,152.75,0.0,0.040619988496656566,0.223,341.0,9314.0,8647.0,218.0,519.0,55.0,119.0,102.0,0,7.585110787878787,7.142857142857142
333,78.0,1.0,-0.015498481665338357,141.866,528.0,11552.0,10070.0,273.0,576.0,51.0,76.0,92.0,0,3.7958528333333335,0.0
334,84.0,0.0,-0.0011741145629854926,1.933,224.0,5163.0,4730.0,123.0,315.0,19.0,34.0,78.0,0,4.5615112,0.0
335,73.0,0.0,0.0009176316515647273,46.301,443.0,11501.0,10273.0,279.0,654.0,52.0,98.0,136.0,0,3.3389026,0.0
336,74.0,0.0,-0.017173041723842902,25.05,371.0,8284.0,7539.0,180.0,450.0,56.0,67.0,111.0,1,2.1186119999999997,4.761904761904762
337,13.0,1.0,0.034906080221913875,508.099,383.0,14009.0,11364.0,307.0,490.0,67.0,92.0,110.0,1,4.042221779661017,11.111111111111109
338,77.0,1.0,0.016630012089519853,1226.0330000000001,484.0,12204.0,10857.0,284.0,574.0,117.0,155.0,154.0,1,2.886028118193322,0.0
339,84.0,1.0,0.040141203450328365,84.456,380.0,8106.0,7248.0,184.0,416.0,41.0,51.0,115.0,1,4.569180333333334,7.6923076923076925
340,168.0,0.0,0.02141218913390353,19.099,376.0,8584.0,7713.0,207.0,605.0,40.0,64.0,128.0,0,3.4710544086021504,0.0
341,195.0,0.0,0.01406594186334308,122.98,525.0,12623.0,11114.0,299.0,631.0,39.0,101.0,123.0,1,3.456639583333333,7.6923076923076925
342,94.0,0.0,0.030329681116254243,59.021,346.0,9074.0,7890.0,205.0,415.0,27.0,52.0,128.0,1,2.901136363636364,4.761904761904762
343,20.0,0.0,0.003843744682191498,19.765,384.0,9849.0,8738.0,252.0,624.0,61.0,86.0,132.0,1,4.092857142857143,0.0
344,86.0,1.0,-0.0012538149975891099,261.275,428.0,11456.0,10163.0,249.0,647.0,55.0,75.0,111.0,1,6.17774625,0.0
345,78.0,1.0,0.002046754742247154,64.343,422.0,14422.0,12311.0,282.0,641.0,61.0,145.0,165.0,0,4.9645991875,15.384615384615385
346,177.0,1.0,0.02876703122721888,30.726999999999997,500.0,11490.0,10438.0,277.0,556.0,61.0,151.0,149.0,0,2.776738909090909,0.0
347,112.0,1.0,-0.017276777870284775,243.09900000000002,562.0,14212.0,13015.0,350.0,821.0,119.0,76.0,156.0,1,4.8650798278339575,3.4482758620689653
348,36.0,1.0,0.001083693052800594,193.949,694.0,24245.0,20297.0,511.0,997.0,111.0,213.0,219.0,0,5.497347961783439,0.0
349,152.75,1.0,-0.0072171868490296534,51.723,643.0,18855.0,16338.0,436.0,849.0,70.0,108.0,169.0,0,3.2074949896252507,6.666666666666668
350,113.0,1.0,0.034906080221913875,242.00400000000002,609.0,17711.0,15766.0,412.0,825.0,112.0,206.0,257.0,1,7.142857142857142,0.0
351,164.0,1.0,-0.01910244342436604,146.047,369.0,11485.0,10647.0,270.0,600.0,52.0,138.0,126.0,1,5.667948733333334,0.0
352,101.0,1.0,-0.011441967183758969,89.415,576.0,13753.0,12199.0,314.0,775.0,47.0,53.0,179.0,1,3.555127753838053,0.0
353,103.0,1.0,0.0063111258475112494,256.942,385.0,9769.0,8674.0,231.0,441.0,29.0,45.0,80.0,1,3.354458787878788,2.7777777777777777
354,90.0,1.0,-0.039757110614729606,84.12899999999999,622.0,20593.0,17579.0,412.0,838.0,96.0,152.0,165.0,1,3.7097103296703295,12.5
355,112.0,0.0,-0.02246402239096419,16.454,327.0,9763.0,8975.0,241.0,493.0,64.0,53.0,98.0,0,2.7812360000000003,0.0
356,103.0,1.0,0.04356371060724448,691.7539999999999,470.0,14397.0,12765.0,328.0,634.0,64.0,112.0,164.0,1,4.8650798278339575,16.0
357,107.0,1.0,0.00912459122415893,21.612,373.0,10261.0,9189.0,236.0,483.0,54.0,64.0,170.0,1,5.4575,0.0
358,252.0,1.0,-0.06045497970471485,2937.6279999999997,505.0,11840.0,10824.0,265.0,788.0,78.0,109.0,123.0,1,1.2193877262417696,0.0
359,152.75,1.0,0.047521580948463316,34.215,553.0,16635.0,15267.0,376.0,1101.0,138.0,128.0,273.0,0,6.461276503496504,0.0
360,148.0,1.0,-0.0008063218195906665,0.7709999999999999,388.0,11047.0,9875.0,259.0,592.0,52.0,100.0,105.0,0,3.615349803921569,0.0
361,38.0,1.0,0.02732320018101252,514.96,501.0,16095.0,14347.0,393.0,806.0,120.0,99.0,154.0,1,4.8650798278339575,0.0
362,109.0,1.0,0.04162781832796953,103.833,293.0,8098.0,7291.0,171.0,465.0,46.0,58.0,104.0,0,3.8544818,0.0
363,113.0,1.0,-0.04986259667304091,224.338,578.0,14609.0,13049.0,355.0,690.0,60.0,183.0,130.0,1,4.432193139232531,0.0
364,85.0,0.0,0.007191348327184309,130.0,235.0,5674.0,5085.0,132.0,284.0,27.0,66.0,63.0,0,3.9262379999999997,0.0
365,119.0,1.0,0.012849097356874246,2.781,331.0,8576.0,7817.0,207.0,595.0,76.0,92.0,111.0,0,2.8521220588235288,7.6923076923076925
366,134.0,1.0,0.040141203450328365,9.124,221.0,5786.0,5130.0,129.0,336.0,51.0,34.0,71.0,0,3.573143,0.0
367,104.0,1.0,0.04110381750255497,7.093,376.0,10252.0,9578.0,255.0,618.0,57.0,109.0,140.0,0,2.888888888888889,0.0
368,111.0,1.0,0.048222318623155534,144.235,820.0,18925.0,16807.0,432.0,1074.0,83.0,181.0,214.0,1,3.2226823308270682,6.666666666666668
369,154.0,1.0,0.03898095449756205,65.075,471.0,13152.0,11880.0,333.0,604.0,110.0,94.0,176.0,1,3.5803184,0.0
370,150.0,1.0,-0.02992321665797946,140.4,606.0,16041.0,14425.0,380.0,980.0,75.0,162.0,180.0,1,3.5482057142857144,16.666666666666664
371,124.0,1.0,-0.014063666503357755,38.596,800.0,23058.0,20820.0,527.0,794.5,97.0,141.75,189.0,1,3.1790912765957446,0.0
372,109.0,1.0,0.00944825402994243,417.32599999999996,352.0,10898.0,9710.0,244.0,677.0,66.0,131.0,89.0,1,4.8650798278339575,0.0
373,147.0,0.0,-0.013351642245815757,103.833,252.0,5311.0,4917.0,128.0,318.0,24.0,47.0,78.0,0,2.628291,0.0
374,77.0,1.0,0.03373003095682972,13.118,550.0,17709.0,15021.0,349.0,869.0,86.0,106.0,169.0,1,3.7692856666666663,0.0
375,104.0,0.0,0.012479814606479392,24.011999999999997,295.0,8387.0,7625.0,188.0,447.0,46.0,126.0,95.0,0,4.212621846153846,0.0
376,71.0,0.0,0.030198862266011026,129.415,423.0,9580.0,8746.0,217.0,446.0,55.0,92.0,91.0,1,4.178173282064806,0.0
377,152.75,1.0,0.0012337806712595886,152.268,593.0,15155.0,13553.0,367.0,832.0,89.0,153.0,219.0,1,3.0412388505747128,0.0
378,110.0,1.0,-0.011466887047280744,278.593,541.0,13330.0,11790.0,318.0,576.0,91.0,115.0,128.0,0,1.8611111111111112,0.0
379,152.75,0.0,-0.009227861539718062,0.325,501.0,14149.0,12818.0,333.0,727.0,101.0,80.0,145.0,0,4.9279244,0.0
380,54.0,1.0,0.011375196425691042,2882.4,366.0,10319.0,9273.0,244.0,510.0,85.0,111.0,99.0,1,4.255180966666667,6.666666666666668
381,119.0,1.0,0.0016242938701320053,94.071,446.0,11854.0,10912.0,293.0,663.0,53.0,89.0,110.0,1,6.662985406790143,7.142857142857142
382,133.0,1.0,0.016234824406075828,48.538999999999994,309.0,8062.0,7131.0,176.0,554.0,31.0,88.0,237.0,1,4.816657833333333,13.333333333333336
383,84.0,1.0,0.047521580948463316,103.678,560.0,16053.0,14755.0,395.0,818.0,70.0,108.0,145.0,0,7.342160588235294,7.142857142857142
384,89.0,1.0,-0.045963193905305004,103.833,206.0,5658.0,5113.0,138.0,364.0,19.0,61.0,78.0,0,5.18263376,0.0
385,103.0,1.0,-0.005204730567745611,7.832000000000001,190.0,5199.0,4746.0,118.0,329.0,65.0,27.0,63.0,0,4.5912491588785045,0.0
386,184.0,1.0,-0.002084846074433473,644.161,251.0,5874.0,5164.0,136.0,260.0,30.0,28.0,72.0,1,3.84830696969697,2.9411764705882346
387,147.0,1.0,0.011934978076666231,113.695,540.0,19286.0,16701.0,430.0,1186.0,93.0,141.75,185.0,0,6.62352,0.0
388,199.0,1.0,0.030198862266011026,97.969,463.0,12850.0,11437.0,316.0,780.0,39.0,134.0,165.0,1,5.0310896,0.0
389,158.0,1.0,-0.02226088431474113,209.433,411.0,12072.0,11008.0,285.0,601.0,54.0,134.0,142.0,1,2.734764708333333,0.0
390,129.0,1.0,0.050472907721580786,24.204,451.0,11117.0,10085.0,278.0,523.0,43.0,190.0,122.0,0,4.851639636363637,6.25
391,152.75,1.0,-0.012649890726914682,4832.432,617.0,19118.0,16414.0,397.0,923.0,103.0,141.75,269.0,1,4.465348658415817,0.0
392,37.0,1.0,0.016999659979245296,59.558,581.0,15022.0,13793.0,361.0,878.0,77.0,109.0,193.0,0,4.1215095999999996,16.666666666666664
393,69.0,0.0,-0.014457302664450278,300.69,513.0,15504.0,13779.0,329.0,690.0,59.0,152.0,158.0,1,1.7008452192287375,13.333333333333336
394,174.0,1.0,0.04916280160245258,79.244,653.0,20152.0,18198.0,460.0,1055.0,112.0,202.0,173.0,0,4.103989294800535,0.0
395,227.0,1.0,0.030940585942283706,310.295,485.0,16532.0,13908.0,345.0,839.0,102.0,150.0,191.0,0,7.543280666666668,5.5555555555555545
396,152.75,1.0,0.019538152328012624,1098.7,509.0,14943.0,13025.0,347.0,641.0,65.0,164.0,126.0,1,3.240313434383701,10.526315789473683
397,138.0,1.0,0.05336382324753392,51.35,349.0,9967.0,9394.0,234.0,630.0,61.0,89.0,136.0,1,4.7192194410390895,16.666666666666664
398,63.0,1.0,0.013148883711569307,2.343,304.0,7418.0,6550.0,171.0,478.0,38.0,53.0,82.0,0,5.131894,0.0
399,171.0,1.0,-0.019461930180780088,67.202,423.0,10456.0,9397.0,231.0,521.0,33.0,69.0,88.0,0,4.8650798278339575,7.142857142857142
400,107.0,1.0,0.00912459122415893,103.833,290.0,8454.0,7137.0,192.0,384.0,45.0,68.0,139.0,1,3.70337559817068,0.0
401,107.0,1.0,0.00912459122415893,1.5330000000000001,382.0,9959.0,9215.0,237.0,534.0,73.0,88.0,132.0,1,4.227556400000001,0.0
402,84.0,0.0,-0.03994798366381734,171.253,312.0,8379.0,7580.0,215.0,435.0,41.0,35.0,143.0,1,2.3163001941747567,0.0
403,118.0,1.0,0.016234824406075828,219.3,415.0,12173.0,11189.0,259.0,625.0,44.0,91.0,84.0,0,2.4697618684210525,10.526315789473683
404,84.0,1.0,-0.02445763809442177,13.535,465.0,10931.0,9871.0,247.0,570.0,49.0,135.0,114.0,0,3.2689042424242425,0.0
405,110.0,1.0,-0.009283825646421207,648.447,411.0,10956.0,9806.0,252.0,492.0,66.0,60.0,128.0,0,3.1272088888888887,0.0
406,84.0,1.0,0.02890979604279873,103.833,260.0,7143.0,6591.0,151.0,420.0,45.0,56.0,97.0,0,3.1219745,0.0
407,37.0,0.0,-0.03730202283411388,264.54400000000004,366.0,10221.0,8964.0,257.0,472.0,48.0,22.0,89.0,1,3.052424401048488,7.142857142857142
408,127.0,1.0,-0.014457302664450278,64.062,587.0,15783.0,14466.0,358.0,871.0,50.0,115.0,183.0,0,4.731677936507936,7.142857142857142
409,70.0,1.0,-0.03023471691106464,128.894,197.0,5111.0,4591.0,122.0,241.0,26.0,38.0,73.0,1,4.6366949197860965,10.810810810810812
410,107.0,1.0,0.00912459122415893,101.04799999999999,451.0,12594.0,11210.0,298.0,565.0,63.0,115.0,170.0,1,4.8650798278339575,0.0
411,77.0,1.0,0.03753148264365503,2766.6,603.0,15032.0,13483.0,349.0,952.0,132.0,183.0,199.0,0,3.1874258343742583,0.0
412,237.0,1.0,0.014041837854611824,5126.0,832.0,15240.25,13751.5,353.75,794.5,84.75,141.75,173.0,1,4.866809839065521,9.523809523809524
413,152.75,1.0,-0.05334674288233361,769.9,686.0,23573.0,19544.0,496.0,1060.0,84.75,141.75,173.0,1,5.3788232,0.0
414,91.0,1.0,0.012394383117309374,92.641,739.0,20771.0,18748.0,480.0,1288.0,102.0,123.0,248.0,1,4.8650798278339575,12.5
415,152.75,1.0,0.014589883564370137,184.139,598.0,15935.0,14574.0,390.0,981.0,107.0,197.0,219.0,1,3.1299492,10.0
416,92.0,1.0,0.0043540380024049185,243.49099999999999,411.0,11737.0,10440.0,275.0,784.0,66.0,133.0,173.0,1,2.7359803424657536,7.142857142857142
417,103.0,1.0,0.02877508481350393,210.67700000000002,568.0,15773.0,14308.0,349.0,929.0,101.0,124.0,197.0,0,2.5717364705882355,0.0
418,80.0,1.0,0.029424861508276945,1.138,283.0,7465.0,6778.0,174.0,418.0,34.0,83.0,64.0,0,3.0169957142857142,0.0
419,92.0,1.0,0.006842770621949718,165.00099999999998,446.0,10562.0,9541.0,266.0,668.0,54.0,75.0,75.0,1,2.1732339272727272,15.789473684210524
420,145.0,1.0,0.011457396454871965,225.768,435.0,10926.0,9709.0,257.0,598.0,80.0,134.0,117.0,1,2.6577945510623717,0.0
421,65.0,1.0,-0.001870803276098693,103.833,245.0,6439.0,5925.0,155.0,369.0,26.0,64.0,76.0,0,3.405629718309859,15.384615384615385
422,112.0,1.0,0.003952362020035917,237.331,382.0,9919.0,8847.0,232.0,471.0,45.0,99.0,93.0,0,3.8897828571428565,7.142857142857142
423,70.0,1.0,-0.08287206810309786,9.168,358.0,8862.0,7668.0,199.0,388.0,51.0,57.0,106.0,0,3.856155333333333,0.0
424,108.0,1.0,-0.03087689769993485,273.623,443.0,11662.0,10558.0,282.0,657.0,113.0,131.0,183.0,1,2.190535875,2.3255813953488373
425,112.0,1.0,0.050248012316791976,2843.0,550.75,15240.25,13751.5,353.75,794.5,84.75,141.75,197.0,0,7.330926470588236,0.0
426,152.75,1.0,-0.034979351486703586,133.839,706.0,18937.0,16662.0,437.0,901.0,37.0,156.0,169.0,0,2.4792292999999996,0.0
427,100.0,1.0,0.007191348327184309,1.885,388.0,11210.0,9878.0,256.0,498.0,52.0,100.0,84.0,0,3.671185636363637,0.0
428,119.0,1.0,0.030329681116254243,53.851000000000006,581.0,15332.0,13789.0,369.0,734.0,89.0,120.0,155.0,0,6.1812309999999995,7.142857142857142
429,105.0,1.0,0.048825833316605984,37.755,517.0,15950.0,14048.0,359.0,867.0,73.0,188.0,187.0,0,2.195602261904762,0.0
430,206.0,0.0,0.017130780284440303,2.5839999999999996,418.0,11971.0,10586.0,287.0,655.0,60.0,140.0,136.0,0,3.7765980165289257,0.0
431,16.0,1.0,0.03093035333965312,103.833,211.0,5205.0,4940.0,123.0,224.0,20.0,39.0,82.0,1,1.0029375813953492,0.0
432,214.0,1.0,0.03128352766228791,52.244,296.0,8096.0,6550.0,178.0,329.0,22.0,52.0,91.0,0,2.29181536,0.0
433,121.0,1.0,-0.019500882747040826,33.28,548.0,18109.0,15431.0,363.0,879.0,88.0,186.0,159.0,0,3.3019043179238268,0.0
434,139.0,0.0,0.036866889518440776,10.68,332.0,9631.0,8555.0,233.0,458.0,40.0,65.0,91.0,0,7.8,0.0
435,152.75,1.0,0.0012337806712595886,1.17,518.0,13775.0,12542.0,309.0,807.0,107.0,116.0,177.0,0,3.1213460410557183,0.0
436,92.0,1.0,-0.0173493970743838,64.941,649.0,16463.0,14907.0,360.0,815.0,95.0,196.0,189.0,1,4.074613644859813,0.0
437,93.0,1.0,0.00895365761153808,27.499000000000002,398.0,10639.0,9654.0,242.0,611.0,53.0,81.0,98.0,0,4.164762472727273,0.0
438,85.0,1.0,0.048825833316605984,75.517,422.0,14868.0,12648.0,321.0,785.0,47.0,76.0,110.0,1,6.119055444444443,0.0
439,120.0,1.0,0.03306440470784555,37.076,373.0,10201.0,9240.0,227.0,623.0,56.0,75.0,210.0,0,4.712943653846153,7.142857142857142
440,92.0,1.0,0.012946018279928658,0.9329999999999999,266.0,7166.0,6539.0,162.0,436.0,57.0,59.0,98.0,0,3.1068084285714286,0.0
441,163.0,1.0,0.03093035333965312,1.7480000000000002,286.0,9924.0,8553.0,212.0,552.0,58.0,124.0,138.0,0,2.0354438000000004,0.0
442,111.0,1.0,0.018573387615092914,151.691,381.0,10998.0,9515.0,271.0,484.0,62.0,108.0,110.0,0,3.6673557715764185,7.142857142857142
443,113.0,1.0,0.03753148264365503,119.44,593.0,18302.0,16463.0,409.0,959.0,77.0,117.0,164.0,1,4.89999936,0.0
444,175.0,1.0,-0.01068351267057182,13.427,558.0,17240.0,15465.0,399.0,1028.0,74.0,159.0,189.0,1,3.932933006889977,0.0
445,128.0,1.0,0.03619158726309408,0.08800000000000001,246.0,6803.0,6088.0,154.0,378.0,43.0,46.0,116.0,0,3.6943242857142855,0.0
446,84.0,0.0,0.02434616229060081,3.97,328.0,8402.0,7601.0,204.0,450.0,62.0,43.0,109.0,0,7.754125714285713,0.0
447,88.0,1.0,0.008901471474528345,1351.7879999999998,572.0,14802.0,12751.0,367.0,679.0,88.0,138.0,146.0,1,1.1165200000000002,5.5555555555555545
448,71.0,1.0,0.036830796877746964,752.0,631.0,16831.0,15514.0,401.0,1005.0,99.0,171.0,222.0,0,2.438603705882353,0.0
449,124.0,1.0,-0.02888526608696547,5.189,490.0,13637.0,12461.0,333.0,733.0,75.0,80.0,171.0,0,4.8650798278339575,7.142857142857142
450,87.0,1.0,-0.017606702228987726,827.07,550.75,15240.25,13751.5,353.75,794.5,105.0,141.75,173.0,0,2.45161246,0.0
451,105.0,1.0,0.04109396667393358,118.59700000000001,522.0,15148.0,13971.0,351.0,762.0,81.0,141.0,181.0,0,4.8650798278339575,7.6923076923076925
452,94.0,1.0,-0.06729617762554349,208.61700000000002,493.0,14045.0,12667.0,350.0,714.0,49.0,88.0,114.0,1,4.8650798278339575,16.666666666666664
453,108.0,1.0,-0.04827221695211025,390.088,508.0,15046.0,13057.0,381.0,741.0,117.0,125.0,148.0,1,4.2243375324675325,0.0
454,197.0,1.0,0.002730527290432577,87.92,625.0,15584.0,12784.0,369.0,510.0,79.0,110.0,83.0,1,1.7857142857142858,6.666666666666668
455,94.0,0.0,0.0066801557600190105,14.562000000000001,518.0,18297.0,16017.0,378.0,883.0,86.0,176.0,119.0,0,2.872146,0.0
456,105.0,1.0,0.03576920961214603,1546.8629999999998,550.75,21357.0,19095.0,494.0,1073.0,89.0,183.0,239.0,1,6.92496922,15.0
457,100.0,1.0,0.05325790805779927,356.69699999999995,519.0,12825.0,11522.0,288.0,684.0,48.0,115.0,139.0,1,2.3579899259259256,0.0
458,38.0,1.0,0.02732320018101252,162.974,275.0,8877.0,8084.0,203.0,348.0,52.0,118.0,102.0,1,5.016554,0.0
459,122.0,1.0,-0.0514494247729166,62.025,503.0,13017.0,11965.0,294.0,667.0,55.0,124.0,150.0,0,6.039416380952381,0.0
460,107.0,1.0,-0.0227295848016888,332.81300000000005,441.0,11826.0,10502.0,288.0,499.0,67.0,96.0,89.0,1,2.7849414899639364,0.0
461,77.0,1.0,0.00693492115391497,4.735,217.0,4882.0,4403.0,124.0,284.0,15.0,30.0,48.0,0,3.988203833333333,0.0
462,145.0,1.0,0.00665261116999354,19.937,431.0,10316.0,9096.0,223.0,504.0,39.0,121.0,119.0,0,7.7142136,0.0
463,96.0,1.0,-0.030450897308127382,174.342,391.0,11316.0,10271.0,255.0,547.0,58.0,102.0,194.0,1,2.1256253,0.0
464,134.0,0.0,0.005649853106774685,333.408,466.0,9825.0,8650.0,205.0,412.0,49.0,85.0,77.0,1,2.019167126436781,6.25
465,165.0,1.0,-0.012548144912838632,7.881,353.0,9198.0,8349.0,206.0,531.0,59.0,110.0,90.0,0,4.293349350649351,0.0
466,90.0,1.0,0.00665261116999354,3.6630000000000003,298.0,7838.0,7137.0,170.0,399.0,47.0,72.0,82.0,0,3.328991818181818,0.0
467,106.0,1.0,0.021872903944552987,479.67699999999996,523.0,13529.0,12199.0,337.0,773.0,98.0,182.0,176.0,0,2.687128533333333,0.0
468,157.0,1.0,0.047434548648868174,289.997,334.0,8406.0,7431.0,207.0,442.0,56.0,82.0,132.0,1,3.641512,11.764705882352938
469,67.0,1.0,-0.04515484849669108,4.729,369.0,10227.0,9092.0,231.0,362.0,40.0,67.0,83.0,1,2.3191693203883497,7.142857142857142
470,214.0,1.0,0.03382320623002174,98.939,362.0,9941.0,9013.0,223.0,492.0,58.0,78.0,153.0,1,5.3924902325581385,14.285714285714285
471,238.0,0.0,0.045414897066108864,46.981,380.0,11176.0,9368.0,259.0,488.0,54.0,82.0,104.0,0,2.282866531314661,0.0
472,177.0,1.0,0.029424861508276945,228.268,694.0,17383.0,15758.0,406.0,1053.0,98.0,147.0,213.0,1,4.781560222222223,0.0
473,61.0,0.0,0.00684137614730739,59.276,466.0,12278.0,11167.0,291.0,554.0,47.0,76.0,140.0,0,3.4570728458617594,7.142857142857142
474,152.75,1.0,0.047521580948463316,175.482,505.0,14582.0,13430.0,340.0,834.0,82.0,115.0,187.0,1,3.773044444444445,11.764705882352938
475,99.0,1.0,0.012946018279928658,103.833,355.0,8667.0,7959.0,202.0,527.0,35.0,86.0,133.0,1,2.9832927000000002,0.0
476,86.0,0.0,-0.00900122191999983,70.245,329.0,8430.0,7456.0,213.0,393.0,34.0,82.0,104.0,0,2.621327641901246,0.0
477,152.75,1.0,0.02181132592841911,107.771,531.0,14026.0,12920.0,326.0,764.0,73.0,136.0,179.0,0,4.069835818181819,0.0
478,144.0,0.0,0.006072283079279064,30.013,483.0,12658.0,11451.0,213.25,800.0,67.0,161.0,152.0,1,2.5433367721776863,0.0
479,71.0,0.0,-0.032698903758153694,103.833,177.0,3271.0,3003.0,70.0,168.0,17.0,23.0,41.0,0,4.617135,0.0
480,87.0,1.0,-0.03023471691106464,34.12,363.0,7911.0,7012.0,196.0,351.0,61.0,76.0,80.0,0,4.360412470588234,7.142857142857142
481,106.0,1.0,0.012058316862300132,157.359,493.0,14676.0,13424.0,359.0,814.0,125.0,93.0,182.0,1,6.692642321428571,11.111111111111109
482,70.0,1.0,0.035379568806444515,516.538,292.0,8316.0,7393.0,203.0,488.0,40.0,137.0,78.0,0,2.5731872857142863,6.25
483,112.0,1.0,0.0036730017281200976,76.212,443.0,13349.0,12257.0,318.0,721.0,73.0,114.0,171.0,1,3.967125280528053,0.0
484,84.0,1.0,-0.05411991916838179,260.527,539.0,16189.0,0.0,387.0,742.0,59.0,160.0,170.0,1,4.4912597000000005,0.0
485,16.0,1.0,0.030478263714888376,326.113,581.0,17651.0,15584.0,429.0,888.0,122.0,128.0,185.0,1,3.9374998031250095,0.0
486,77.0,1.0,0.005264090092373582,508.466,463.0,13494.0,11684.0,329.0,592.0,92.0,204.0,90.0,1,2.4703150000000003,0.0
487,126.0,1.0,0.016412267563570674,839.002,764.0,18724.0,16859.0,413.0,942.0,74.0,138.0,196.0,0,3.20443376,0.0
488,20.0,1.0,-0.013320562632980728,482.18,529.0,15083.0,13834.0,354.0,723.0,90.0,184.0,222.0,0,1.474435294117647,11.764705882352938
489,72.0,1.0,-0.06729617762554349,20.752,421.0,10810.0,9741.0,256.0,463.0,53.0,157.0,139.0,0,2.8715876119402983,7.6923076923076925
490,107.0,1.0,0.00912459122415893,103.833,322.0,9820.0,8893.0,230.0,410.0,61.0,92.0,91.0,1,4.8650798278339575,0.0
491,84.0,1.0,-0.0227295848016888,0.441,516.0,13187.0,12178.0,305.0,869.0,85.0,137.0,187.0,0,5.872554888888889,0.0
492,104.0,0.0,-0.012915449239152613,55.778,310.0,6397.0,5763.0,124.0,312.0,28.0,62.0,101.0,0,3.8657127272727267,0.0
493,185.0,1.0,0.060035899481386976,824.0310000000001,550.75,15240.25,22049.0,561.0,977.0,100.0,175.0,232.0,1,3.9792976388888888,0.0
494,65.0,1.0,-0.03904801439802518,4.854,407.0,11124.0,9835.0,272.0,619.0,53.0,98.0,111.0,0,3.81280625,0.0
495,89.0,0.0,-0.002117746190072883,44.672,440.0,11841.0,10575.0,264.0,589.0,58.0,120.0,159.0,1,3.2077814583333333,0.0
496,107.0,1.0,0.00912459122415893,13.789000000000001,344.0,11091.0,10333.0,258.0,677.0,129.0,87.0,154.0,1,3.033812711111111,0.0
497,122.0,1.0,0.03557985361183929,0.39,342.0,9041.0,7871.0,208.0,361.0,28.0,58.0,75.0,0,4.971377261904761,9.090909090909092
498,42.0,1.0,-0.048669477410061925,120.023,400.0,11240.0,10383.0,257.0,576.0,47.0,77.0,113.0,1,4.8650798278339575,7.142857142857142
499,98.0,1.0,0.012058316862300132,39.675,629.0,15904.0,14741.0,364.0,899.0,104.0,139.0,227.0,0,3.81106992,14.285714285714285
500,149.0,1.0,-0.08545458841445729,203.11700000000002,513.0,14793.0,13815.0,345.0,926.0,76.0,133.0,159.0,1,6.5131878789449695,0.0
501,65.0,1.0,0.04946365377677967,3841.9840000000004,458.0,12365.0,11299.0,305.0,674.0,105.0,116.0,124.0,1,2.3367812685950837,0.0
502,75.0,1.0,0.0552387875374565,80.936,356.0,9580.0,8542.0,230.0,447.0,41.0,128.0,99.0,0,2.9089218,0.0
503,107.0,1.0,0.00912459122415893,710.216,199.0,5073.0,4395.0,95.0,249.0,27.0,56.0,26.0,1,1.6246086666666666,0.0
504,87.0,1.0,-0.02780558531861782,35.879,323.0,8265.0,7404.0,210.0,352.0,38.0,49.0,64.0,0,4.521569841269841,0.0
505,187.0,1.0,-0.034511922818121786,1743.5,550.75,15240.25,13751.5,353.75,794.5,84.75,141.75,173.0,0,3.4651674430471764,0.0
506,91.0,1.0,-0.006455284788673374,187.331,548.0,14038.0,12630.0,337.0,740.0,107.0,92.0,177.0,1,1.6653776916451335,0.0
507,179.0,1.0,0.014618490285938524,103.833,220.0,7064.0,6350.0,153.0,421.0,45.0,48.0,77.0,0,3.0027461333333334,0.0
508,189.0,0.0,0.027548650055080844,10.705,445.0,12478.0,11192.0,261.0,609.0,72.0,138.0,136.0,0,3.4295825714285715,0.0
509,105.0,1.0,-0.01814470284943303,140.90200000000002,606.0,17716.0,16123.0,396.0,973.0,86.0,111.0,208.0,1,5.06548,0.0
510,99.0,1.0,0.011443570738132758,1652.888,362.0,9770.0,8381.0,224.0,444.0,44.0,72.0,80.0,1,4.951084447217352,0.0
511,22.0,1.0,0.0237646681934918,31.311,385.0,9930.0,8939.0,251.0,471.0,33.0,64.0,108.0,1,4.3874473684210535,4.166666666666666
512,152.75,1.0,-0.03718971511231524,450.351,286.0,8283.0,7213.0,214.0,452.0,48.0,87.0,134.0,1,2.7868649300929262,0.0
513,205.0,1.0,0.06424352039413395,209.38,682.0,16095.0,14562.0,406.0,808.0,75.0,121.0,160.0,1,3.25032496,12.5
514,64.0,1.0,-0.003981063940780011,296.887,348.0,11578.0,9519.0,240.0,532.0,63.0,72.0,135.0,1,3.5711901537180823,11.764705882352938
515,154.0,1.0,0.029658849885792867,22.941,421.0,10870.0,9843.0,257.0,553.0,38.0,64.0,103.0,0,7.359511477272727,7.142857142857142
516,152.75,1.0,0.05647474671864434,7187.0,724.0,20228.0,18756.0,482.0,1069.0,119.0,141.75,263.0,1,4.347637546666666,7.142857142857142
517,251.0,1.0,-0.01910244342436604,781.265,571.0,16856.0,15128.0,374.0,792.0,111.0,204.0,145.0,1,4.604145384615385,0.0
518,13.0,1.0,0.015781590442152996,172.05700000000002,636.0,20160.0,17884.0,434.0,737.0,98.0,120.0,142.0,1,5.45,0.0
519,152.75,0.0,-0.05328217125439354,59.266000000000005,683.0,18691.0,16980.0,445.0,1098.0,119.0,179.0,132.0,1,4.8650798278339575,0.0
520,25.0,1.0,0.00627236509183841,35.051,374.0,9410.0,8561.0,212.0,459.0,36.0,77.0,83.0,0,2.9117817777777777,0.0
521,86.0,1.0,-0.008561623058511695,66.293,452.0,12371.0,11373.0,297.0,682.0,37.0,95.0,139.0,1,5.1670328301886785,10.0
522,69.0,1.0,0.02303784218787018,59.551,819.0,15240.25,13751.5,353.75,1288.0,118.0,202.0,173.0,1,6.3547390434782605,0.0
523,134.0,1.0,0.016234824406075828,111.831,583.0,14189.0,12654.0,325.0,766.0,82.0,242.0,128.0,0,2.897715088636712,13.333333333333336
524,152.75,1.0,0.06540829472830442,2153.362,507.0,13509.0,12162.0,321.0,667.0,46.0,153.0,171.0,1,5.203095766666666,0.0
525,152.75,1.0,0.012283636076088008,25.509,404.0,10334.0,9164.0,242.0,511.0,52.0,89.0,110.0,0,2.7237403636363635,0.0
526,92.0,1.0,0.050890498603735436,83.902,388.0,10213.0,9071.0,243.0,500.0,58.0,68.0,118.0,1,4.070884137931034,7.142857142857142
527,123.0,1.0,-0.08128005421833344,32.57,494.0,16145.0,13928.0,341.0,840.0,53.0,160.0,185.0,0,4.610176737720112,11.111111111111109
528,32.0,0.0,0.050359092069129134,67.874,311.0,8318.0,7466.0,211.0,384.0,67.0,60.0,118.0,1,4.8650798278339575,0.0
529,78.0,1.0,0.06156607214404525,30.916999999999998,331.0,7477.0,6703.0,175.0,377.0,50.0,72.0,85.0,0,3.3569805,7.142857142857142
530,152.0,1.0,-0.0042573398548124385,21.636,299.0,8109.0,7303.0,188.0,477.0,70.0,79.0,107.0,0,3.550119,0.0
531,28.0,1.0,-0.001972269214104449,71.26899999999999,392.0,9389.0,8371.0,223.0,479.0,38.0,63.0,110.0,1,4.027833,0.0
532,111.0,1.0,0.019104791635377056,460.702,461.0,10415.0,9583.0,245.0,577.0,57.0,167.0,102.0,0,0.8975248672946747,0.0
533,141.0,1.0,0.024439700422253696,61.608000000000004,554.0,15549.0,13287.0,316.0,785.0,64.0,128.0,149.0,1,5.222267848101267,0.0
534,72.0,1.0,0.0009722257328841359,73.14699999999999,338.0,7516.0,6900.0,165.0,451.0,26.0,81.0,132.0,1,3.9858962727272726,9.090909090909092
535,83.0,1.0,0.011443570738132758,103.833,321.0,8299.0,7499.0,186.0,455.0,30.0,64.0,110.0,0,4.631519,0.0
536,198.0,1.0,0.03966555078328324,295.596,359.0,11436.0,10074.0,255.0,611.0,60.0,127.0,132.0,1,0.7500000212500016,0.0
537,94.0,1.0,0.018573387615092914,15.299000000000001,419.0,11106.0,10022.0,256.0,597.0,39.0,93.0,112.0,0,2.634136315789473,16.666666666666664
538,195.0,1.0,0.02059574803800171,122.029,357.0,8347.0,7350.0,190.0,417.0,30.0,61.0,123.0,1,3.981679,7.142857142857142
539,81.0,1.0,-0.041772564583075635,176.269,393.0,10274.0,9022.0,224.0,434.0,40.0,119.0,74.0,1,2.722966388888889,7.142857142857142
540,147.0,1.0,0.012283636076088008,302.541,482.0,12130.0,10602.0,279.0,616.0,35.0,105.0,134.0,1,3.577903625,0.0
541,104.0,0.0,0.026934693199931203,4.553,317.0,9108.0,8412.0,224.0,474.0,29.0,110.0,164.0,1,3.3,0.0
542,107.0,1.0,-0.03722228311578906,54.218,364.0,9001.0,8087.0,209.0,483.0,40.0,49.0,92.0,1,3.4517136438527074,0.0
543,85.0,1.0,-0.005204730567745611,9.537,257.0,6231.0,5535.0,161.0,454.0,80.0,35.0,79.0,0,4.112966833333333,0.0
544,76.0,1.0,-0.013881475176053431,103.833,364.0,10471.0,9584.0,229.0,624.0,54.0,89.0,125.0,1,6.7634868,0.0
545,152.75,1.0,0.04333038842412912,60.119,561.0,13689.0,12221.0,309.0,727.0,92.0,88.0,151.0,0,4.699339735973598,0.0
546,69.0,1.0,-0.0012710755751127554,103.833,159.0,4187.0,3833.0,96.0,231.0,25.0,31.0,40.0,0,3.60526,0.0
547,98.0,1.0,-0.01738198221030019,66.245,429.0,11731.0,10886.0,267.0,654.0,71.0,91.0,139.0,0,6.854065111111112,7.142857142857142
548,84.0,1.0,0.0656009535043914,10.885,478.0,12045.0,11013.0,293.0,680.0,54.0,119.0,154.0,0,7.767524545454545,5.882352941176469
549,182.0,0.0,0.05794376554974497,36.179,609.0,15284.0,13905.0,356.0,766.0,63.0,127.0,168.0,1,3.388748166666667,0.0
550,95.0,1.0,-0.019044127622350648,152.935,585.0,16213.0,15073.0,375.0,986.0,132.0,114.0,197.0,0,5.486232272287085,7.142857142857142
551,95.0,1.0,-0.05049199702518034,25.868000000000002,409.0,10417.0,9371.0,266.0,501.0,70.0,96.0,125.0,1,3.2927126,0.0
552,93.0,1.0,0.021450493087717768,270.915,458.0,14025.0,12623.0,323.0,827.0,101.0,114.0,173.0,1,6.4513965501165496,7.142857142857142
553,152.75,1.0,0.025172540125549817,196.737,693.0,19947.0,18405.0,438.0,1121.0,124.0,197.0,236.0,0,4.8650798278339575,0.0
554,150.0,1.0,-0.03990318894493307,120.271,603.0,17315.0,15905.0,383.0,932.0,98.0,129.0,179.0,1,7.297395777777778,7.142857142857142
555,106.0,1.0,0.04741091501124065,1134.944,802.0,22928.0,20753.0,537.0,1279.0,136.0,141.75,173.0,0,5.4164359810126586,0.0
556,72.0,1.0,-0.041772564583075635,71.355,402.0,9651.0,8743.0,226.0,627.0,54.0,73.0,134.0,1,5.0377395,8.333333333333332
557,92.0,1.0,-0.008561623058511695,81.061,569.0,13598.0,12469.0,344.0,742.0,46.0,83.0,166.0,0,5.924860375206423,7.142857142857142
558,42.0,1.0,0.021450493087717768,38.798,411.0,9824.0,8795.0,225.0,357.0,37.0,86.0,93.0,0,0.44713176,0.0
559,30.0,1.0,-0.0266422234473113,288.578,634.0,19104.0,17017.0,426.0,942.0,82.0,191.0,169.0,1,3.3617650406504067,0.0
560,107.0,1.0,0.00912459122415893,103.833,310.0,7195.0,6393.0,172.0,325.0,44.0,65.0,85.0,1,5.038625295411221,7.142857142857142
561,97.0,1.0,-0.055101058143785984,5.015,345.0,8557.0,7810.0,191.0,507.0,56.0,59.0,126.0,0,4.842550909090909,0.0
562,160.0,1.0,0.02876703122721888,1896.264,663.0,14201.0,12491.0,317.0,680.0,55.0,135.0,119.0,0,2.438332615384615,0.0
563,90.0,1.0,0.002730527290432577,332.403,680.0,17803.0,15614.0,423.0,891.0,72.0,141.75,162.0,0,3.840364699205448,0.0
564,147.0,1.0,0.03181611781966237,2571.353,772.0,15240.25,13751.5,353.75,1143.0,138.0,141.75,173.0,0,1.8201461527967255,0.0
565,152.75,1.0,0.013423012273516756,93.135,586.0,16155.0,14633.0,379.0,926.0,91.0,71.0,187.0,1,5.297529711885968,7.142857142857142
566,84.0,0.0,0.041253540387578766,76.041,396.0,10731.0,9412.0,256.0,589.0,50.0,80.0,151.0,1,3.2983393238434164,8.333333333333332
567,120.0,1.0,0.023098673969340587,1317.039,787.0,22491.0,19984.0,518.0,1111.0,84.75,206.0,197.0,1,6.0344827586206895,0.0
568,196.0,1.0,-0.010175503695470768,523.149,319.0,8799.0,8006.0,204.0,498.0,45.0,54.0,81.0,0,1.3570792222222223,0.0
569,77.0,1.0,-0.015926389920412308,103.833,627.0,17554.0,16000.0,387.0,1018.0,112.0,138.0,217.0,0,5.2609648291571744,12.5
570,152.0,1.0,0.04437081598735093,103.833,411.0,15574.0,13386.0,288.0,784.0,80.0,128.0,231.0,0,3.646812869565217,0.0
571,84.0,1.0,-0.006315604699400098,706.91,646.0,20448.0,18028.0,447.0,1207.0,92.0,141.75,136.0,0,2.162554,0.0
572,109.0,1.0,0.0009176316515647273,208.80700000000002,305.0,9213.0,8040.0,211.0,393.0,36.0,49.0,66.0,1,3.3939898284313728,0.0
573,85.0,1.0,0.004334251155495739,374.25300000000004,430.0,14058.0,12853.0,312.0,709.0,70.0,165.0,182.0,1,4.034994344825948,0.0
574,91.0,1.0,-0.039305049874703096,90.262,379.0,11153.0,9913.0,256.0,475.0,56.0,52.0,189.0,1,5.325671880919375,7.142857142857142
575,10.0,1.0,0.004669618127058825,103.833,208.0,6750.0,6382.0,144.0,314.0,13.0,49.0,65.0,1,1.3427501118958427,0.0
576,186.0,1.0,0.045414897066108864,861.931,411.0,14254.0,11989.0,335.0,624.0,106.0,100.0,137.0,1,3.642584060721063,15.789473684210524
577,14.0,1.0,0.04437081598735093,226.46200000000002,393.0,10994.0,9609.0,247.0,452.0,55.0,90.0,90.0,1,5.289404444444443,0.0
578,152.75,1.0,-0.006417682468154485,103.833,278.0,6854.0,6129.0,155.0,369.0,27.0,40.0,84.0,0,5.485295405330963,0.0
579,92.0,1.0,0.02726278674615886,192.713,565.0,15085.0,13670.0,359.0,887.0,66.0,167.0,236.0,1,2.8933407000000004,0.0
580,92.0,1.0,0.012849097356874246,40.655,408.0,9634.0,8550.0,218.0,522.0,43.0,109.0,106.0,0,3.728408333333333,0.0
581,117.0,1.0,0.022575265341070738,3.605,282.0,7794.0,7032.0,180.0,500.0,88.0,48.0,100.0,0,6.928290406504066,14.285714285714285
582,87.0,0.0,0.04070516148742976,46.928000000000004,301.0,7510.0,6555.0,181.0,292.0,22.0,41.0,55.0,1,2.066666666666667,0.0
583,111.0,0.0,0.01385841620746863,228.47,342.0,8814.0,8118.0,207.0,443.0,65.0,46.0,86.0,1,2.038142333333333,0.0
584,152.75,1.0,-0.024693936868313008,58.65,534.0,13704.0,12470.0,333.0,783.0,45.0,120.0,153.0,0,3.257959701492537,0.0
585,17.0,1.0,0.019104791635377056,313.892,503.0,14152.0,12886.0,318.0,813.0,52.0,134.0,127.0,1,3.2988505747126435,0.0
586,71.0,1.0,0.017323822774832926,1331.317,643.0,17481.0,15759.0,413.0,943.0,85.0,141.75,192.0,1,4.691804511278195,0.0
587,195.0,1.0,-0.03718971511231524,110.88,465.0,13005.0,11867.0,318.0,634.0,60.0,111.0,151.0,1,5.869021428571428,0.0
588,38.0,1.0,0.008571350983851266,2.475,484.0,12567.0,11128.0,277.0,556.0,43.0,106.0,142.0,0,2.672261875,7.142857142857142
589,10.0,1.0,0.048222318623155534,153.093,339.0,7757.0,7267.0,182.0,420.0,23.0,54.0,116.0,1,1.25,5.405405405405406
590,225.0,1.0,0.02105232914807478,1634.405,677.0,22890.0,18935.0,444.0,1160.0,84.75,141.75,219.0,0,2.99485856,0.0
591,138.0,1.0,0.00627236509183841,70.044,429.0,14287.0,12335.0,299.0,814.0,77.0,130.0,170.0,1,3.3848902,13.333333333333336
592,138.0,1.0,0.03482706322965752,0.349,356.0,9343.0,8599.0,210.0,547.0,66.0,94.0,145.0,0,4.22630075,0.0
593,187.0,1.0,-0.03596236702468871,103.833,178.0,3961.0,3502.0,96.0,256.0,17.0,22.0,47.0,0,4.282864181818182,0.0
594,147.0,1.0,0.00807576450903087,43.293,587.0,15367.0,13726.0,373.0,706.0,56.0,117.0,136.0,0,2.9478227480916037,4.3478260869565215
595,85.0,1.0,0.004420872602526357,1.18,390.0,10426.0,9541.0,233.0,735.0,103.0,79.0,107.0,0,3.8209676,0.0
596,34.0,1.0,0.037266088567751016,38.518,652.0,22758.0,19531.0,510.0,1049.0,118.0,184.0,195.0,0,4.396109,13.333333333333336
597,107.0,1.0,0.00912459122415893,103.833,494.0,12004.0,10226.0,277.0,560.0,46.0,100.0,91.0,1,3.70337559817068,0.0
598,152.75,1.0,-0.008112629417392084,1020.53,682.0,20300.0,17451.0,466.0,1225.0,84.75,141.75,173.0,0,2.8872272727272725,0.0
599,81.0,1.0,-0.023438007501532743,103.833,646.0,19521.0,17558.0,437.0,1154.0,114.0,141.75,173.0,1,4.097876740139824,0.0
600,169.0,1.0,0.06214926000539073,1301.8,610.0,16153.0,14867.0,394.0,1035.0,95.0,141.75,159.0,0,2.3094640160183064,0.0
601,141.0,1.0,-0.02258578146813989,113.459,345.0,8219.0,7275.0,199.0,491.0,27.0,101.0,78.0,1,2.5966082352941178,0.0
602,151.0,1.0,0.021872586777605996,111.943,778.0,15240.25,13751.5,353.75,794.5,89.0,224.0,231.0,0,7.000706240601504,13.333333333333336
603,85.0,1.0,0.018332855309276058,5.812,285.0,7555.0,6815.0,187.0,410.0,51.0,50.0,97.0,0,3.413905636363636,15.384615384615385
604,70.0,1.0,0.047948878019069364,28.27,331.0,6939.0,6289.0,154.0,376.0,17.0,92.0,76.0,0,5.0444564000000005,7.142857142857142
605,97.0,1.0,0.03158121781594317,103.833,433.0,12126.0,11150.0,284.0,619.0,82.0,89.0,173.0,0,4.445081,0.0
606,152.75,1.0,0.02195918943867311,5.016,275.0,9836.0,8986.0,206.0,570.0,74.0,76.0,137.0,0,2.3554592,0.0
607,99.0,1.0,-0.003979156274465649,79.012,587.0,13234.0,12127.0,328.0,695.0,52.0,71.0,164.0,1,5.072536883116883,0.0
608,37.0,1.0,0.021853525494264763,7.6,350.0,12931.0,11730.0,277.0,666.0,50.0,100.0,172.0,0,1.8543435372175057,0.0
609,86.0,1.0,0.023529934659502042,156.102,548.0,13209.0,12113.0,317.0,667.0,74.0,105.0,145.0,1,4.15111585892355,7.142857142857142
610,128.0,1.0,-0.01738198221030019,329.968,370.0,11023.0,9681.0,245.0,516.0,83.0,103.0,137.0,1,3.613799513468281,12.5
611,161.0,1.0,-0.030847773150327787,36.051,506.0,14196.0,12812.0,336.0,738.0,53.0,183.0,154.0,1,3.6264170909090914,0.0
612,151.0,1.0,0.022575265341070738,286.453,364.0,7662.0,6807.0,176.0,410.0,38.0,66.0,76.0,1,3.640104505639185,9.375
613,180.0,1.0,-0.002117746190072883,86.204,630.0,17765.0,15930.0,437.0,923.0,97.0,118.0,212.0,1,3.0962466363636363,0.0
614,107.0,1.0,0.00912459122415893,103.833,146.0,3600.0,3189.0,88.0,181.0,5.0,26.0,38.0,1,3.70337559817068,0.0
615,107.0,1.0,0.00912459122415893,8.538,299.0,8480.0,7904.0,198.0,550.0,101.0,46.0,127.0,1,1.7562107407407408,0.0
616,88.0,0.0,0.00912459122415893,103.833,487.0,11489.0,10017.0,267.0,493.0,48.0,130.0,104.0,1,2.8910377358490567,5.263157894736842
617,230.0,1.0,0.04029468537115145,2451.885,290.0,7464.0,6678.0,183.0,435.0,44.0,82.0,58.0,1,1.8359268883826882,0.0
618,119.0,1.0,0.0481710650586668,136.952,438.0,15100.0,12886.0,311.0,829.0,78.0,169.0,137.0,0,4.8650798278339575,0.0
619,152.75,1.0,0.033593111500030436,48.715,595.0,15895.0,14650.0,388.0,1005.0,99.0,93.0,170.0,1,3.839268125,0.0
620,101.0,0.0,-0.0001705933378575414,81.275,304.0,6904.0,6234.0,147.0,287.0,29.0,61.0,66.0,1,1.6666666666666667,0.0
621,134.0,1.0,-0.006315604699400098,16.415,579.0,14467.0,12702.0,343.0,541.0,33.0,65.0,120.0,0,6.623443300000001,0.0
622,131.0,1.0,-0.03834154622795221,3589.796,639.0,18312.0,16830.0,424.0,1044.0,93.0,154.0,171.0,0,2.353984578817734,11.39240506329114
623,165.0,0.0,0.03128352766228791,103.833,299.0,5940.0,5294.0,146.0,306.0,28.0,37.0,71.0,0,1.8,0.0
624,152.75,1.0,0.006385606555695641,103.833,714.0,17324.0,15706.0,401.0,903.0,91.0,167.0,168.0,1,2.411347506382979,0.0
625,240.0,1.0,0.0645993451786608,79.503,536.0,13813.0,12532.0,336.0,737.0,58.0,81.0,144.0,0,3.7163029059829062,7.142857142857142
626,105.0,1.0,-0.0570900170463028,269.19599999999997,623.0,14919.0,13526.0,346.0,666.0,61.0,134.0,129.0,0,4.9834368,0.0
627,152.75,1.0,-0.058586673958785924,38.274,457.0,12063.0,11066.0,281.0,638.0,56.0,183.0,160.0,0,4.809669066666666,0.0
628,152.75,0.0,0.08509670457922383,143.602,380.0,9286.0,8021.0,226.0,458.0,54.0,45.0,118.0,0,2.498941090909091,0.0
629,62.0,0.0,-0.0015664159468040519,113.175,382.0,11310.0,9586.0,253.0,485.0,60.0,108.0,140.0,1,4.983083733333333,7.142857142857142
630,152.75,1.0,-0.008879211573041624,26.831999999999997,349.0,7897.0,7148.0,177.0,445.0,33.0,64.0,97.0,0,3.9190618666666666,0.0
631,163.0,1.0,0.05136850597275852,1110.579,630.0,19615.0,17950.0,434.0,925.0,67.0,141.75,192.0,0,1.932258072727273,0.0
632,104.0,1.0,0.004420872602526357,103.833,391.0,10650.0,9713.0,237.0,734.0,58.0,105.0,230.0,0,3.764100347826087,0.0
633,133.0,1.0,0.03113477157157728,1622.421,547.0,16098.0,14554.0,390.0,951.0,65.0,77.0,155.0,1,7.255481300149598,0.0
634,89.0,1.0,0.018065909915302072,21.838,302.0,7071.0,6320.0,160.0,365.0,35.0,82.0,84.0,0,2.66625843216,7.142857142857142
635,175.0,1.0,0.03242003639534456,20.393,304.0,8737.0,7383.0,205.0,482.0,14.0,58.0,69.0,0,2.9557576,0.0
636,83.0,1.0,-0.03722228311578906,91.9,441.0,12516.0,10568.0,274.0,627.0,53.0,112.0,126.0,0,4.692276029411765,0.0
637,119.0,1.0,-0.01603109253067675,58.784,375.0,10158.0,9292.0,234.0,460.0,53.0,97.0,89.0,1,3.9636094701141076,7.142857142857142
638,152.75,1.0,0.042603241797504535,137.953,613.0,15678.0,13906.0,372.0,774.0,69.0,164.0,156.0,1,3.4154,0.0
639,112.0,1.0,0.03611721593918047,238.577,422.0,11548.0,10166.0,284.0,590.0,103.0,95.0,92.0,1,3.6824245454545457,6.666666666666668
640,152.75,1.0,-0.04017284790046339,54.099,490.0,14777.0,13382.0,339.0,787.0,31.0,124.0,155.0,0,4.0998605,0.0
641,167.0,1.0,0.030687040535111287,99.646,489.0,12830.0,10655.0,279.0,564.0,29.0,77.0,105.0,0,4.456133,0.0
642,96.0,1.0,-0.03722310781681927,456.0,641.0,16840.0,15571.0,403.0,925.0,137.0,226.0,197.0,0,6.882352941176472,0.0
643,152.75,1.0,-0.005484143030464203,893.55,548.0,17874.0,14587.0,398.0,784.0,97.0,164.0,211.0,1,2.1121384164222867,10.0
644,119.0,1.0,-0.0464621559185416,76.935,480.0,13810.0,12408.0,343.0,639.0,125.0,103.0,145.0,1,5.187924318181818,0.0
645,76.0,1.0,-0.039106128338985184,236.359,397.0,10947.0,9388.0,244.0,398.0,26.0,74.0,92.0,0,4.095201534246575,6.9767441860465125
646,97.0,1.0,0.004504027822692407,601.54,467.0,14205.0,12220.0,359.0,550.0,73.0,64.0,127.0,1,2.9212896944473976,13.333333333333336
647,85.0,1.0,0.04911404424604787,103.833,279.0,8844.0,8126.0,185.0,491.0,48.0,70.0,111.0,0,3.6789301818181817,0.0
648,150.0,0.0,0.04374655058360598,103.833,235.0,7412.0,6551.0,156.0,353.0,33.0,77.0,67.0,1,2.3263327586206897,0.0
649,152.75,0.0,-0.025334566119682482,135.637,677.0,20084.0,18632.0,474.0,1026.0,132.0,160.0,234.0,1,3.959010307692308,0.0
650,111.0,1.0,-0.039305049874703096,656.0360000000001,495.0,15163.0,13330.0,374.0,680.0,56.0,142.0,224.0,1,4.074752095238095,0.0
651,140.0,1.0,-0.024693936868313008,1160.351,432.0,12385.0,10793.0,285.0,778.0,54.0,81.0,131.0,1,4.8650798278339575,6.0606060606060606
652,106.0,0.0,0.003351094196087698,64.226,437.0,9195.0,8229.0,205.0,418.0,55.0,127.0,89.0,1,1.6209181111111108,0.0
653,139.0,1.0,0.029468739440639005,1045.982,458.0,11185.0,10037.0,263.0,629.0,47.0,104.0,163.0,1,5.054876138858006,13.333333333333336
654,104.0,1.0,0.029658849885792867,515.253,717.0,20307.0,18243.0,497.0,1054.0,91.0,199.0,226.0,0,3.548984079320113,0.0
655,43.0,1.0,-0.041430293245650736,103.833,461.0,13520.0,12211.0,315.0,722.0,57.0,70.0,129.0,1,7.045715648351647,12.0
656,110.0,1.0,0.03804660758078124,80.42,436.0,10510.0,9657.0,241.0,592.0,37.0,83.0,128.0,1,5.6374518197573655,3.8461538461538463
657,104.0,0.0,0.03663190600808365,67.263,321.0,8103.0,7157.0,208.0,378.0,17.0,61.0,77.0,0,2.314703448275862,0.0
658,79.0,1.0,-0.0337595787660565,1423.0339999999999,441.0,9598.0,8471.0,216.0,486.0,67.0,112.0,103.0,1,5.377948501220515,0.0
659,118.0,1.0,-0.013856032240963977,119.525,374.0,8304.0,7446.0,196.0,391.0,76.0,97.0,98.0,1,1.2492,3.333333333333333
660,144.0,1.0,0.001377968740743084,494.55199999999996,323.0,9338.0,8311.0,227.0,446.0,33.0,100.0,141.0,0,2.5263906956598845,0.0
661,61.0,1.0,0.029725979743118205,3436.0,766.0,23452.0,21333.0,553.0,1270.0,117.0,141.75,239.0,0,4.553690582822086,0.0
662,114.0,1.0,0.020487849089615828,3406.653,515.0,11305.0,10063.0,288.0,559.0,47.0,83.0,108.0,1,2.9530222222222213,6.25
663,125.0,1.0,0.04356371060724448,47.824,575.0,12489.0,11035.0,273.0,586.0,99.0,91.0,90.0,0,2.0115934285714285,6.25
664,124.0,0.0,0.0016546774633007116,16.36,263.0,6650.0,6002.0,165.0,390.0,32.0,66.0,75.0,0,3.1110964,0.0
665,152.75,1.0,0.016999659979245296,820.665,492.0,14145.0,12390.0,321.0,731.0,69.0,152.0,164.0,1,3.9211456639247935,0.0
666,152.75,1.0,-0.023595744160222185,508.715,501.0,11427.0,10287.0,257.0,631.0,67.0,114.0,141.0,1,5.212789651230481,8.571428571428571
667,158.0,0.0,-0.029881385961391737,0.17,210.0,5099.0,4561.0,125.0,322.0,18.0,44.0,67.0,0,3.517191904761905,0.0
668,105.0,1.0,-0.05049199702518034,20.063,440.0,9494.0,8691.0,232.0,514.0,32.0,134.0,121.0,0,3.49459,0.0
669,81.0,1.0,0.05775552145276526,133.704,285.0,7834.0,6955.0,182.0,395.0,16.0,46.0,92.0,0,2.740590666666667,13.333333333333336
670,152.75,1.0,0.017672623899386463,586.794,529.0,13230.0,11986.0,312.0,751.0,114.0,178.0,173.0,0,3.269683197538247,0.0
671,178.0,1.0,0.0008438072287778673,103.833,275.0,6542.0,6008.0,146.0,357.0,41.0,67.0,111.0,0,4.85027829787234,0.0
672,75.0,0.0,0.08428790586524311,103.833,554.0,13739.0,12268.0,325.0,843.0,65.0,139.0,174.0,1,5.088182133564613,11.428571428571427
673,93.0,1.0,0.031992262073828194,30.467,409.0,13328.0,11038.0,276.0,705.0,89.0,87.0,171.0,0,2.7522567879838244,7.142857142857142
674,234.0,0.0,0.028250705190356187,540.399,335.0,9278.0,8067.0,223.0,394.0,38.0,60.0,59.0,0,2.5778519577851955,0.0
675,107.0,1.0,0.00912459122415893,103.833,518.0,16898.0,15522.0,370.0,790.0,71.0,146.0,190.0,1,2.3974144285714285,0.0
676,119.0,1.0,-0.04515484849669108,496.413,434.0,10250.0,9087.0,245.0,489.0,57.0,84.0,112.0,1,6.9947957674131915,0.0
677,152.75,1.0,0.004669618127058825,186.101,537.0,13359.0,12303.0,329.0,676.0,87.0,106.0,173.0,0,3.963871637545592,7.142857142857142
678,98.0,1.0,0.05868888302078565,25.461,496.0,13810.0,12515.0,321.0,784.0,70.0,126.0,173.0,0,4.6797260000000005,0.0
679,112.0,0.0,0.03042530876540168,55.431000000000004,335.0,9067.0,8066.0,217.0,435.0,38.0,82.0,90.0,1,3.67354432,0.0
680,78.0,1.0,0.03228429921272611,117.85700000000001,256.0,7087.0,6445.0,182.0,306.0,48.0,38.0,100.0,1,4.21768352,7.142857142857142
681,152.75,1.0,0.024687352731627338,1469.5739999999998,413.0,11660.0,10544.0,277.0,636.0,94.0,103.0,158.0,1,3.2405071428571435,6.666666666666668
