,Y1,Y2,T4',S2',S1',T5',C2,C4,C4_1,C6'_1,C6'_2,S2'_1,S2'_3
0,0,1,0.6404255319148936,-2.0126209425882005,0.17266128220787175,-1.2419577135971067,1.0,0.02907427348367355,0.0,0.0,1.0,0.0,0.0
1,1,0,0.6447534766118836,-1.6969914383539308,0.18064135466867806,-1.0315887816641804,0.0,-0.013351642245815757,1.0,0.0,0.0,0.0,1.0
2,1,0,0.6368159203980099,-2.562292864456474,0.17172795975000935,-1.5689234433554875,1.0,0.02071500183158597,0.0,0.0,0.0,0.0,0.0
3,1,1,0.5396341463414634,-2.309954792692218,0.18797253320641646,-1.3740890219976034,1.0,0.0200231372567966,0.0,0.0,0.0,1.0,0.0
4,0,1,0.5874125874125874,-1.907620535922088,0.1771832510664747,-1.2234743079030936,1.0,-0.034894701316965815,1.0,1.0,0.0,0.0,0.0
5,0,1,0.6431372549019608,-2.0985355712947937,0.17266128220787175,-1.1696491955943855,1.0,-0.05755607666070545,0.0,0.0,0.0,0.0,0.0
6,1,1,0.7656565656565657,-2.055500939069592,0.18952609566832976,-1.236951381711201,1.0,0.004105524336536758,0.0,0.0,0.0,0.0,0.0
7,1,0,0.8263473053892215,-2.001625558286737,0.16590212992307402,-1.2856222146519385,0.0,0.040619988496656566,0.0,0.0,0.0,0.0,0.0
8,1,1,0.5403225806451613,-1.987385119172127,0.16886529242099754,-1.1184374686643408,1.0,-0.029315926285396837,1.0,0.0,0.0,0.0,0.0
9,1,0,0.5142857142857142,-2.1265642948950374,0.18875251115818506,-1.4189941187971007,1.0,-0.02492507736968316,1.0,0.0,0.0,1.0,0.0
10,1,1,0.5090361445783133,-2.2678934476915065,0.16177861904385146,-1.6608510558446044,1.0,0.009124591224158929,0.0,0.0,0.0,1.0,0.0
11,1,1,0.5454545454545454,-2.4680229476146267,0.13402847141500454,-1.4953460748258616,1.0,0.015487112031121256,0.0,0.0,0.0,0.0,0.0
12,0,1,0.6844660194174758,-2.4473383487547755,0.1203568548070285,-1.6675070402531105,1.0,0.019731083271667373,0.0,1.0,0.0,0.0,0.0
13,0,1,0.5552884615384616,-2.0089247970282367,0.18875251115818506,-1.2198701836342685,1.0,-0.006315604699400098,1.0,0.0,1.0,0.0,0.0
14,1,1,0.6089743589743589,-1.6725668390225126,0.20112825722096947,-1.1222429211123948,1.0,0.02327468551033293,0.0,0.0,0.0,0.0,1.0
15,1,1,0.7047781569965871,-2.117018976988807,0.20112825722096947,-1.268562107533993,1.0,-0.08545458841445729,0.0,0.0,0.0,1.0,0.0
16,0,1,0.5204460966542751,-2.562292864456474,0.1440451252269874,-1.554467526944518,1.0,0.00025485632575635107,1.0,0.0,0.0,0.0,0.0
17,1,1,0.6317135549872123,-1.9537020059695551,0.18148548540822448,-1.300489492194211,1.0,-0.006315604699400098,1.0,0.0,0.0,0.0,0.0
18,1,1,0.6117424242424242,-2.205745540942662,0.16489050641771066,-1.362305115467088,1.0,0.036830796877746964,0.0,0.0,0.0,1.0,0.0
19,0,1,0.521484375,-2.188712201643882,0.16282915899338946,-1.4483495121496381,1.0,-0.01269239188194706,1.0,0.0,1.0,1.0,0.0
20,1,0,0.6257928118393234,-1.9472678959641447,0.1762973200084014,-1.1954455843028502,1.0,0.045262646375410436,0.0,0.0,0.0,0.0,0.0
21,0,1,0.5972927241962775,-2.2174839442139063,0.16788917065830275,-1.2515030315033369,1.0,0.05404000937680397,0.0,1.0,0.0,1.0,0.0
22,0,1,0.5340501792114696,-2.112323855780427,0.13402847141500454,-1.5922560878339178,1.0,0.002545640136170962,1.0,0.0,0.0,1.0,0.0
23,1,1,0.6048387096774194,-2.489742197307863,0.16886529242099754,-1.4964755799668314,1.0,0.03582773310561604,0.0,0.0,0.0,0.0,0.0
24,0,1,0.6996197718631179,-2.373236628236426,0.17358462212898795,-1.4059456635965504,1.0,-0.0017460164572123164,1.0,0.0,0.0,1.0,0.0
25,1,1,0.6023166023166023,-2.1513878786200693,0.1440451252269874,-1.4247086023215303,1.0,-0.003957877372461608,1.0,0.0,0.0,1.0,0.0
26,1,1,0.6753507014028056,-2.136324132184193,0.19622071896503804,-1.190385785533448,1.0,-0.03711550033032608,1.0,0.0,0.0,1.0,0.0
27,0,1,0.6337760910815939,-1.8231282294651776,0.1563088888307767,-1.1728582827220901,1.0,0.025763708515827013,0.0,1.0,0.0,0.0,0.0
28,1,1,0.6801872074882995,-1.8659629562866644,0.21812280278920265,-1.127530467667058,1.0,0.035642375510738435,0.0,0.0,0.0,0.0,0.0
29,1,1,0.6972704714640199,-2.0722066325724446,0.20449222803510755,-1.2842324711239324,1.0,-0.015947285678912314,1.0,0.0,0.0,0.0,0.0
30,1,0,0.6539792387543253,-2.1412875517157435,0.18875251115818506,-1.1338635336365368,1.0,-0.03711550033032608,1.0,0.0,0.0,1.0,0.0
31,0,1,0.6810176125244618,-2.0851716097368125,0.18064135466867806,-1.190945083076174,1.0,-0.03446512812118845,1.0,0.0,1.0,0.0,0.0
32,1,1,0.5319148936170213,-2.4087089463986446,0.1574334518757247,-1.4964755799668314,0.0,0.02071500183158597,0.0,0.0,0.0,1.0,0.0
33,0,1,0.5671641791044776,-1.907620535922088,0.1762973200084014,-1.2069052064699008,1.0,0.08509670457922383,0.0,0.0,1.0,0.0,0.0
34,0,0,0.7061855670103093,-2.016348815107444,0.16690156445167115,-1.250218135649218,1.0,0.016442651117707995,0.0,0.0,0.0,0.0,0.0
35,0,1,0.5825,-2.241957713597107,0.1574334518757247,-1.3444103020577198,1.0,-0.01238272736361786,1.0,0.0,1.0,1.0,0.0
36,0,1,0.6307129798903108,-1.907620535922088,0.17078438048810138,-1.15601080853645,1.0,0.05647474671864434,0.0,0.0,1.0,0.0,0.0
37,0,1,0.6539278131634819,-2.1513878786200693,0.1754023943420376,-1.3019323323316228,1.0,0.016234824406075828,0.0,1.0,0.0,1.0,0.0
38,0,1,0.577639751552795,-2.3026555539507187,0.14269883033753408,-1.5467806982782268,1.0,0.036866889518440776,0.0,0.0,1.0,1.0,0.0
39,0,1,0.6485981308411215,-2.156527518272481,0.18639285740271386,-1.1137270701898652,1.0,0.056994918380870514,0.0,1.0,0.0,1.0,0.0
40,0,1,0.7517482517482518,-1.9224443122391128,0.19105459793226087,-1.1184374686643408,1.0,0.004669618127058825,0.0,0.0,1.0,0.0,0.0
41,1,1,0.598159509202454,-2.248297891628126,0.13555165262327465,-1.5185139398778875,1.0,-0.019999416118981355,1.0,0.0,0.0,1.0,0.0
42,0,1,0.6666666666666666,-1.6526720103055734,0.2096550807447836,-1.1156051033084502,1.0,0.029256701372662963,0.0,0.0,1.0,0.0,1.0
43,1,1,0.5700197238658777,-1.934678768656124,0.18718602805283507,-1.2350887863677036,1.0,-0.006417682468154485,1.0,0.0,0.0,0.0,0.0
44,1,0,0.6581352833638026,-1.8876822059799008,0.16690156445167115,-1.1463083530907945,1.0,-0.0008063218195906665,1.0,0.0,0.0,0.0,0.0
45,1,1,0.6357142857142857,-2.1943160791618803,0.14536671395928835,-1.3698436853390863,1.0,-0.004839837912175111,1.0,0.0,0.0,1.0,0.0
46,0,1,0.687960687960688,-2.1617287119582884,0.16071425520942953,-1.2933463298159469,1.0,0.0283099533258931,0.0,0.0,1.0,1.0,0.0
47,1,1,0.4663677130044843,-2.3026555539507187,0.13402847141500454,-1.615423952885944,1.0,0.0027190288727909386,1.0,0.0,0.0,1.0,0.0
48,1,0,0.6096681096681097,-2.0808068043343617,0.17078438048810138,-1.2856222146519385,1.0,-0.02246402239096419,1.0,0.0,0.0,0.0,0.0
49,0,1,0.6203090507726269,-2.205745540942662,0.14919389847649644,-1.2814662548807805,1.0,0.03469512390660059,0.0,0.0,1.0,1.0,0.0
50,1,1,0.6169354838709677,-2.348413044511393,0.16177861904385146,-1.4680229476146267,1.0,0.015487112031121256,0.0,0.0,0.0,1.0,0.0
51,1,0,0.5171232876712328,-2.4787468130064,0.14132664120872435,-1.513780438175302,1.0,-0.059933231696355886,0.0,0.0,0.0,0.0,0.0
52,0,1,0.6371951219512195,-2.309954792692218,0.16983025789571915,-1.5010232077175518,1.0,0.002756461109020153,1.0,0.0,1.0,1.0,0.0
53,1,0,0.6948775055679287,-2.0895807286418675,0.2018100531375996,-1.1675229025739438,1.0,0.049754821648229856,0.0,0.0,0.0,0.0,0.0
54,0,1,0.55,-1.57026179412775,0.21985400855694767,-0.921841543950952,1.0,0.05935342338506445,0.0,1.0,0.0,0.0,1.0
55,1,0,0.5767790262172284,-2.373236628236426,0.14269883033753408,-1.4275942905590189,1.0,0.08987183041029774,0.0,0.0,0.0,1.0,0.0
56,0,0,0.6344537815126049,-2.205745540942662,0.20382828755627205,-1.4189941187971007,1.0,-0.01458233982616616,1.0,1.0,0.0,1.0,0.0
57,1,0,0.5407407407407407,-2.501023207717552,0.17358462212898795,-1.5293568063614869,0.0,-0.024693936868313008,1.0,0.0,0.0,0.0,0.0
58,0,1,0.7179487179487181,-1.8849071519251284,0.2175395839555368,-1.0115087922188328,1.0,0.019299589342974183,0.0,1.0,0.0,0.0,0.0
59,1,0,0.6360153256704981,-1.6051356160099326,0.2254364277514162,-0.9955162261042972,1.0,0.00430373527330501,0.0,0.0,0.0,0.0,1.0
60,0,1,0.6051188299817185,-2.156527518272481,0.17449824223136212,-1.227108592558188,1.0,0.012708623146163443,0.0,1.0,0.0,1.0,0.0
61,1,1,0.6189555125725339,-1.8580903331867789,0.20248727315653706,-1.2005650284388818,1.0,0.002046754742247154,1.0,0.0,0.0,0.0,0.0
62,1,1,0.7405063291139241,-1.8712917897917312,0.2121438007363176,-1.0782088236144536,1.0,-0.012062164680420815,1.0,0.0,0.0,0.0,0.0
63,1,0,0.5555555555555556,-2.5126050802673667,0.09074274270411224,-1.7364145306492516,1.0,0.04638015077402592,0.0,0.0,0.0,0.0,0.0
64,0,1,0.6894941634241245,-2.0808068043343617,0.17078438048810138,-1.2856222146519385,1.0,0.050890498603735436,0.0,0.0,1.0,0.0,0.0
65,0,1,0.5328467153284672,-1.9770030833784047,0.18478594246365668,-1.2678934476915067,1.0,0.01076544990065678,0.0,0.0,1.0,0.0,0.0
66,0,1,0.6185567010309279,-2.3326187773281624,0.1399272756202553,-1.3388677266051634,1.0,0.00549637470275211,0.0,0.0,0.0,1.0,0.0
67,0,1,0.5841750841750841,-1.898963216389589,0.1585421746858095,-1.1954455843028502,1.0,0.019731083271667373,0.0,0.0,1.0,0.0,0.0
68,0,1,0.6821705426356589,-2.0764854305517195,0.13849934664233296,-1.3492180391476234,1.0,-0.061579848740387674,0.0,0.0,1.0,0.0,0.0
69,1,1,0.5717344753747323,-2.0851716097368125,0.18559287821269405,-1.336513821211686,1.0,0.03611721593918047,0.0,0.0,0.0,0.0,0.0
70,0,1,0.6011235955056179,-2.364803460699563,0.15963560354654874,-1.5185139398778875,1.0,0.010983105662161895,0.0,0.0,1.0,1.0,0.0
71,0,1,0.6365105008077544,-1.9909016928949643,0.1574334518757247,-1.106295111597034,1.0,0.05152653250039664,0.0,0.0,0.0,0.0,0.0
72,0,1,0.6577181208053692,-2.399565566958775,0.13555165262327465,-1.6494430401753748,0.0,0.018065909915302072,0.0,0.0,1.0,1.0,0.0
73,1,0,0.6526946107784432,-2.0514230266491524,0.1399272756202553,-1.4096339616192788,0.0,0.03228429921272611,0.0,0.0,0.0,0.0,0.0
74,1,0,0.5156576200417536,-2.0277283608509427,0.14794010896021328,-1.3203843209111499,1.0,-0.03834154622795221,1.0,0.0,0.0,0.0,0.0
75,0,0,0.5601023017902813,-2.1777168173424184,0.16788917065830275,-1.4554943533726885,1.0,0.019835982850230017,0.0,0.0,0.0,1.0,0.0
76,0,1,0.7516059957173448,-2.1943160791618803,0.17172795975000935,-1.2104028990553348,1.0,0.010500794785178772,0.0,0.0,1.0,1.0,0.0
77,1,1,0.528395061728395,-2.0808068043343617,0.16886529242099754,-1.4199413263304932,1.0,0.0111853044880828,0.0,0.0,0.0,0.0,0.0
78,1,0,0.6470588235294118,-2.117018976988807,0.16071425520942953,-1.3689995752931712,0.0,-0.016128119258393494,1.0,0.0,0.0,1.0,0.0
79,0,1,0.6112852664576802,-2.2115750846033846,0.17978926013763633,-1.2912260921699368,1.0,0.003353816539135266,1.0,0.0,0.0,1.0,0.0
80,1,1,0.6679999999999999,-2.3818367999983434,0.14269883033753408,-1.5480524253418644,1.0,0.0033405857511660856,1.0,0.0,0.0,1.0,0.0
81,0,1,0.7421487603305785,-1.6811330828533242,0.2625527449251452,-0.9962305264000312,1.0,-0.057978474493747614,0.0,1.0,0.0,0.0,1.0
82,0,1,0.5035714285714286,-2.2612628687924934,0.13555165262327465,-1.5965069649875765,0.0,-0.04570137324679128,0.0,1.0,0.0,1.0,0.0
83,1,1,0.7489597780859917,-1.6383270352699135,0.22155837121531896,-0.9479070343898794,1.0,0.02181132592841911,0.0,0.0,0.0,0.0,1.0
84,0,1,0.5852782764811489,-2.1831797130439208,0.16489050641771066,-1.193189503998626,1.0,-0.002117746190072883,1.0,1.0,0.0,1.0,0.0
85,1,1,0.6163793103448276,-1.9735968346864936,0.16590212992307402,-1.1920658436514695,0.0,0.009750672113699626,0.0,0.0,0.0,0.0,0.0
86,1,1,0.5594795539033457,-1.8452783574268128,0.1983537199758371,-1.2807774450902278,1.0,0.009124591224158929,0.0,0.0,0.0,0.0,0.0
87,1,1,0.4633507853403142,-2.136324132184193,0.1585421746858095,-1.3656394464859043,1.0,-0.02372061747056409,1.0,0.0,0.0,1.0,0.0
88,0,1,0.7317784256559767,-2.112323855780427,0.17892901128227556,-1.4199413263304932,1.0,0.0645993451786608,0.0,0.0,1.0,1.0,0.0
89,1,0,0.6675461741424802,-2.0808068043343617,0.1831505828713543,-1.4022884252942482,1.0,0.02105232914807478,0.0,0.0,0.0,0.0,0.0
90,1,1,0.6439169139465876,-1.7305587860001994,0.1762973200084014,-1.1314167976894494,1.0,0.05110289644713397,0.0,0.0,0.0,0.0,1.0
91,1,1,0.6255605381165921,-1.9602328731285124,0.14269883033753408,-1.2884151148361085,1.0,0.07222780488186492,0.0,0.0,0.0,0.0,0.0
92,0,1,0.5660919540229885,-2.1943160791618803,0.1563088888307767,-1.505618959406701,0.0,-0.017173041723842902,1.0,0.0,1.0,1.0,0.0
93,1,0,0.6230677764565993,-1.8231282294651776,0.18064135466867806,-0.9682018027997876,1.0,0.0418707113204849,0.0,0.0,0.0,0.0,0.0
94,0,0,0.5023474178403756,-2.618408806435406,0.12223773446562684,-1.5293568063614869,1.0,-0.03041145779207778,1.0,0.0,0.0,0.0,0.0
95,0,1,0.495114006514658,-2.4087089463986446,0.15963560354654874,-1.6007998613772116,0.0,0.033593111500030436,0.0,1.0,0.0,1.0,0.0
96,0,1,0.7704280155642024,-2.039414119176137,0.2259796501594901,-1.1319050433641484,1.0,0.03382320623002174,0.0,0.0,1.0,0.0,0.0
97,0,0,0.5149501661129569,-2.1943160791618803,0.1203568548070285,-1.5518901040567077,0.0,-0.023035852320323243,1.0,0.0,1.0,1.0,0.0
98,0,1,0.5394736842105263,-2.117018976988807,0.13555165262327465,-1.3689995752931712,0.0,-0.02372061747056409,1.0,0.0,1.0,1.0,0.0
99,1,0,0.612,-1.9164539485499248,0.18797253320641646,-1.2127504425113205,1.0,-0.013719046092875624,1.0,0.0,0.0,0.0,0.0
100,0,1,0.6888888888888889,-1.9164539485499248,0.2151748359702141,-1.0048950428515846,1.0,0.030198862266011026,0.0,0.0,1.0,0.0,0.0
101,0,1,0.5032258064516129,-2.779776808670381,0.09398626660320827,-1.7565243490366695,0.0,0.02583718463757104,0.0,0.0,0.0,0.0,0.0
102,1,1,0.6301369863013698,-2.3404441148401185,0.14132664120872435,-1.5557619972975167,1.0,0.024348418198384663,0.0,0.0,0.0,1.0,0.0
103,0,1,0.6731234866828087,-2.117018976988807,0.14794010896021328,-1.2375740262363526,1.0,-0.013856032240963977,1.0,0.0,1.0,1.0,0.0
104,0,0,0.6072607260726073,-2.188712201643882,0.17358462212898795,-1.41148992376825,1.0,0.015247641034643978,0.0,0.0,0.0,1.0,0.0
105,0,1,0.6524953789279113,-1.8554975226084995,0.1771832510664747,-1.2234743079030936,1.0,0.05336382324753392,0.0,0.0,1.0,0.0,0.0
106,0,0,0.6166902404526167,-1.8766868216784367,0.2031599932916275,-1.3129091883162716,1.0,-0.010094639243490348,1.0,0.0,0.0,0.0,0.0
107,1,1,0.7197943444730077,-2.0851716097368125,0.16788917065830275,-1.268562107533993,1.0,0.009124591224158929,0.0,0.0,0.0,0.0,0.0
108,1,0,0.7111111111111111,-1.7754554348877385,0.2151748359702141,-0.9251671705745858,1.0,0.05537992930521834,0.0,0.0,0.0,0.0,0.0
109,1,0,0.6092814371257484,-1.6036855496146998,0.20112825722096947,-1.1373122884282596,1.0,0.041111496865317,0.0,0.0,0.0,0.0,1.0
110,0,0,0.605,-2.1217654120132687,0.13849934664233296,-1.2835392635036458,1.0,-0.024693936868313008,1.0,0.0,0.0,1.0,0.0
111,1,1,0.6533864541832669,-1.863322860120456,0.16983025789571915,-1.076055648743361,1.0,0.06085692819100021,0.0,0.0,0.0,0.0,0.0
112,0,1,0.5444685466377439,-2.112323855780427,0.1563088888307767,-1.2495771104672988,1.0,0.002309869621072027,1.0,1.0,0.0,1.0,0.0
113,1,1,0.6974063400576369,-2.0940350700681174,0.1823218358642896,-1.388841701567002,0.0,0.009441568676369545,0.0,0.0,0.0,0.0,0.0
114,1,0,0.6289592760180995,-2.0808068043343617,0.17078438048810138,-0.839509417224369,1.0,-0.058586673958785924,0.0,0.0,0.0,0.0,0.0
115,1,1,0.6695156695156695,-1.987385119172127,0.16282915899338946,-1.3977597660955128,1.0,0.009124591224158929,0.0,0.0,0.0,0.0,0.0
116,1,1,0.7907542579075426,-1.9164539485499248,0.18952609566832976,-1.1853842582949543,0.0,0.04778088730408685,0.0,0.0,0.0,0.0,0.0
117,0,1,0.5608695652173913,-1.9980214340179119,0.1902934161644617,-1.4077858972054658,1.0,0.03380491886864125,0.0,1.0,0.0,0.0,0.0
118,1,1,0.7373188405797102,-2.0596175052644243,0.20645862008771504,-1.1622522737840888,1.0,0.047564541326239926,0.0,0.0,0.0,0.0,0.0
119,0,0,0.6794171220400729,-2.0433803063937384,0.2232369077074597,-1.2034354584645883,1.0,-0.010885933923670295,1.0,0.0,0.0,0.0,0.0
120,0,1,0.6596194503171248,-1.7627434693716006,0.19180976229557464,-1.2277172744824971,1.0,0.04154455600912957,0.0,0.0,1.0,0.0,0.0
121,0,1,0.5434782608695652,-2.501023207717552,0.13246985949286053,-1.6398977222691444,1.0,-0.013775441835218064,1.0,1.0,0.0,0.0,0.0
122,0,1,0.6666666666666666,-2.166992951950645,0.19255902678666406,-1.3986617279605305,1.0,-0.039305049874703096,1.0,0.0,0.0,1.0,0.0
123,1,1,0.6945812807881774,-1.8529200997206887,0.18148548540822448,-1.2566809704178132,1.0,0.009124591224158929,0.0,0.0,0.0,0.0,0.0
124,0,1,0.5765765765765766,-2.0473830488474127,0.1440451252269874,-1.227108592558188,1.0,-0.0028482541806786194,1.0,1.0,0.0,0.0,0.0
125,1,0,0.7408536585365854,-1.7209713219944742,0.18559287821269405,-1.025810942805221,1.0,0.056994918380870514,0.0,0.0,0.0,0.0,1.0
126,1,0,0.6865384615384615,-2.2115750846033846,0.1933025053072492,-1.336513821211686,1.0,-0.009069643520976828,1.0,0.0,0.0,1.0,0.0
127,1,1,0.5510204081632653,-2.1777168173424184,0.16983025789571915,-1.4142888237794813,1.0,-0.02246402239096419,1.0,0.0,0.0,1.0,0.0
128,0,0,0.5647668393782384,-1.9134894695861864,0.17449824223136212,-1.1988518329947615,1.0,-0.045928277974958534,0.0,1.0,0.0,0.0,0.0
129,0,1,0.5740402193784278,-1.9224443122391128,0.16788917065830275,-1.2289372036045958,1.0,0.04437081598735093,0.0,0.0,1.0,0.0,0.0
130,1,1,0.6148648648648649,-2.063773465035582,0.18064135466867806,-1.318128240606926,1.0,0.03380491886864125,0.0,0.0,0.0,0.0,0.0
131,1,1,0.6499388004895961,-1.6430562415139742,0.1983537199758371,-1.0473830488474123,1.0,0.059454155167011566,0.0,0.0,0.0,0.0,1.0
132,1,1,0.594679186228482,-1.9537020059695551,0.18639285740271386,-1.173395443559776,0.0,0.016442651117707995,0.0,0.0,0.0,0.0,0.0
133,1,1,0.5870646766169154,-2.5126050802673667,0.14666469972787188,-1.5729509326385314,1.0,0.013148883711569307,0.0,0.0,0.0,0.0,0.0
134,0,1,0.6181384248210023,-2.0940350700681174,0.17078438048810138,-1.2725958314101402,1.0,0.008014169559762604,0.0,0.0,1.0,0.0,0.0
135,0,1,0.5281899109792285,-2.248297891628126,0.18064135466867806,-1.4077858972054658,1.0,-0.006455284788673374,1.0,1.0,0.0,1.0,0.0
136,0,1,0.6547085201793722,-2.0089247970282367,0.14666469972787188,-1.2739487748155447,1.0,0.008465131972944255,0.0,0.0,1.0,0.0,0.0
137,0,0,0.6385281385281385,-1.8961153735167635,0.16386631535757082,-1.27192093697455,0.0,-0.0035916357394070756,1.0,0.0,1.0,0.0,0.0
138,0,1,0.6078431372549019,-2.1265642948950374,0.12755898889286704,-1.5993641758320571,1.0,0.03789430732969007,0.0,0.0,1.0,1.0,0.0
139,1,1,0.7121212121212122,-2.4275942905590187,0.10257594247622524,-1.6708736810030675,1.0,0.06947587823623698,0.0,0.0,0.0,1.0,0.0
140,0,0,0.6433333333333333,-1.9702170940351127,0.17266128220787175,-1.1675229025739438,1.0,-0.00670254782597516,1.0,1.0,0.0,0.0,0.0
141,0,0,0.5477386934673367,-2.356530934733573,0.14269883033753408,-1.388841701567002,1.0,0.044272134313262886,0.0,0.0,1.0,1.0,0.0
142,0,1,0.5805168986083499,-1.994446973659614,0.17266128220787175,-1.222269606764723,1.0,0.00895365761153808,0.0,1.0,0.0,0.0,0.0
143,1,1,0.5674846625766872,-2.274626830350475,0.12223773446562684,-1.4897421973078628,0.0,-0.014905424266206996,1.0,0.0,0.0,1.0,0.0
144,1,0,0.5847750865051903,-1.8961153735167635,0.1563088888307767,-1.2074862025189634,1.0,-0.011281887075742946,1.0,0.0,0.0,0.0,0.0
145,0,0,0.6112531969309463,-2.063773465035582,0.183971896919585,-1.4050284626602771,1.0,0.00314882531779097,1.0,1.0,0.0,0.0,0.0
146,1,1,0.631236442516269,-1.7585875096004429,0.13246985949286053,-1.2766673719990118,1.0,6.118775639270778e-05,1.0,0.0,0.0,0.0,0.0
147,0,0,0.5488721804511278,-2.0985355712947937,0.17078438048810138,-1.393277843119728,1.0,-0.015121373258590741,1.0,0.0,1.0,0.0,0.0
148,1,0,0.5793357933579336,-2.241957713597107,0.12923758913860178,-1.4987434414226537,1.0,0.049754821648229856,0.0,0.0,0.0,1.0,0.0
149,1,0,0.525,-2.364803460699563,0.13087368167352156,-1.60805035501715,0.0,0.026627414345186208,0.0,0.0,0.0,1.0,0.0
150,0,0,0.6257928118393234,-1.9770030833784047,0.19255902678666406,-1.2672258157661702,1.0,0.04356371060724448,0.0,0.0,1.0,0.0,0.0
151,0,1,0.6279411764705882,-1.9569551633672764,0.2077490199634993,-1.1554947128347126,1.0,0.017113521083632423,0.0,1.0,0.0,0.0,0.0
152,1,1,0.695859872611465,-1.8904751061640708,0.2102827943130464,-1.0795058713139445,1.0,0.03113477157157728,0.0,0.0,0.0,0.0,0.0
153,0,1,0.6456043956043956,-2.373236628236426,0.14666469972787188,-1.4041131947094958,1.0,0.05063222853902577,0.0,0.0,1.0,1.0,0.0
154,0,0,0.6176470588235294,-2.501023207717552,0.1399272756202553,-1.5269237776904878,0.0,0.05436796021880253,0.0,0.0,0.0,0.0,0.0
155,0,1,0.5303430079155673,-2.348413044511393,0.14132664120872435,-1.4864142539589356,1.0,0.04161250286003572,0.0,0.0,1.0,1.0,0.0
156,1,1,0.5625,-2.016348815107444,0.19622071896503804,-1.3077521109700996,1.0,-0.02780558531861782,1.0,0.0,0.0,0.0,0.0
157,0,1,0.6657627118644068,-1.55060710613128,0.17078438048810138,-0.7745962961666006,1.0,0.0009944971818087848,1.0,0.0,0.0,0.0,1.0
158,1,1,0.6294736842105263,-2.001625558286737,0.15400989474470325,-1.2451162328419365,1.0,-0.0464621559185416,0.0,0.0,0.0,0.0,0.0
159,0,1,0.6582633053221288,-2.3026555539507187,0.1563088888307767,-1.39685967358285,1.0,0.01076544990065678,0.0,0.0,1.0,1.0,0.0
160,0,1,0.5691056910569106,-2.399565566958775,0.16489050641771066,-1.4908572030086544,1.0,-0.03041145779207778,1.0,0.0,1.0,1.0,0.0
161,0,1,0.7479508196721312,-1.633648772992143,0.2096550807447836,-1.2301605691512958,1.0,0.04946365377677967,0.0,0.0,0.0,0.0,1.0
162,0,1,0.6526946107784432,-2.1076789507346634,0.16590212992307402,-1.218675425021325,1.0,-0.006315604699400098,1.0,0.0,1.0,1.0,0.0
163,1,1,0.5295698924731183,-2.489742197307863,0.15516790735950425,-1.4285604633310391,0.0,-0.036967158416258285,1.0,0.0,0.0,0.0,0.0
164,1,0,0.6490196078431373,-2.199993212053571,0.18064135466867806,-1.2092338687884834,1.0,-0.005558980159684734,1.0,0.0,0.0,1.0,0.0
165,1,0,0.6893523600439078,-1.8303868020254683,0.2145754600633205,-0.9485471148033175,0.0,-0.05097464568124585,0.0,0.0,0.0,0.0,0.0
166,0,1,0.6963855421686747,-2.1265642948950374,0.14536671395928835,-1.2835392635036458,1.0,-0.008561623058511695,1.0,0.0,1.0,1.0,0.0
167,0,1,0.6503067484662577,-2.241957713597107,0.1771832510664747,-1.4575575139364618,1.0,0.033648959575388014,0.0,0.0,0.0,1.0,0.0
168,0,0,0.6151898734177215,-2.0201089639807503,0.17358462212898795,-1.303379981945051,1.0,-0.003240929708257981,1.0,0.0,0.0,0.0,0.0
169,1,1,0.7968503937007874,-2.2174839442139063,0.15963560354654874,-1.0331426097328025,1.0,-0.08287206810309786,0.0,0.0,0.0,1.0,0.0
170,1,1,0.6163366336633663,-1.7153188194434623,0.2525408523179753,-0.963535508678598,1.0,-0.003981063940780011,1.0,0.0,0.0,0.0,1.0
171,0,1,0.6294573643410852,-1.7907721929718443,0.18478594246365668,-1.0734858514116177,1.0,0.04846885250614673,0.0,0.0,1.0,0.0,0.0
172,0,1,0.6082004555808656,-2.112323855780427,0.1563088888307767,-1.2265007625332816,1.0,0.02538328073525964,0.0,0.0,1.0,1.0,0.0
173,0,1,0.5705521472392638,-2.317378810771425,0.1563088888307767,-1.3173788107714248,1.0,-0.005558980159684734,1.0,1.0,0.0,1.0,0.0
174,0,1,0.72,-1.994446973659614,0.17892901128227556,-1.1208119660059461,1.0,0.0200896493786922,0.0,1.0,0.0,0.0,0.0
175,0,1,0.7018813314037626,-1.7975055756308125,0.15516790735950425,-1.0621063056681188,1.0,-0.05328217125439354,0.0,0.0,0.0,0.0,0.0
176,0,0,0.6,-2.0985355712947937,0.17078438048810138,-1.2425875824267365,1.0,-0.03751629906765014,1.0,0.0,0.0,0.0,0.0
177,0,1,0.6888331242158093,-1.863322860120456,0.19905462233696888,-1.0016255582867373,1.0,0.014041837854611824,0.0,0.0,1.0,0.0,0.0
178,1,0,0.7256410256410256,-1.9735968346864936,0.16177861904385146,-1.303379981945051,0.0,0.02312823138279143,0.0,0.0,0.0,0.0,0.0
179,0,1,0.4744525547445255,-2.4787468130064,0.12755898889286704,-1.5894451105000895,1.0,0.05757457296364237,0.0,0.0,1.0,0.0,0.0
180,0,1,0.7637614678899083,-1.7115909469242192,0.19905462233696888,-1.2586387249663449,1.0,-0.00021042127293830208,1.0,0.0,1.0,0.0,1.0
181,1,0,0.6241457858769932,-1.6184088064354059,0.17078438048810138,-1.0534571965596056,1.0,0.058521117085336576,0.0,0.0,0.0,0.0,1.0
182,1,0,0.6060606060606061,-2.3404441148401185,0.14666469972787188,-1.4161648287782365,1.0,-0.019651975924335503,1.0,0.0,0.0,1.0,0.0
183,0,1,0.5613126079447323,-2.005259842941832,0.1947725427976492,-1.2639029649587021,1.0,0.015487112031121256,0.0,1.0,0.0,0.0,0.0
184,1,1,0.7486910994764397,-2.0722066325724446,0.16788917065830275,-1.2028598527051741,1.0,0.02349249711051344,0.0,0.0,0.0,0.0,0.0
185,1,0,0.5728952772073922,-1.842760701205567,0.1902934161644617,-1.3310704887653009,0.0,-0.004839837912175111,1.0,0.0,0.0,0.0,0.0
186,0,0,0.6338329764453962,-2.136324132184193,0.17449824223136212,-1.2933463298159469,1.0,0.006842770621949718,0.0,0.0,1.0,1.0,0.0
187,0,1,0.6017699115044248,-2.1030831990455146,0.15963560354654874,-1.456524708498694,0.0,0.04401094690851535,0.0,0.0,1.0,1.0,0.0
188,1,1,0.6290322580645161,-2.4373541278481747,0.16590212992307402,-1.5293568063614869,1.0,-0.0006468979863711416,1.0,0.0,0.0,1.0,0.0
189,1,0,0.6986301369863014,-2.112323855780427,0.17892901128227556,-1.205745540942662,1.0,0.045262646375410436,0.0,0.0,0.0,1.0,0.0
190,1,0,0.5870967741935483,-2.199993212053571,0.17078438048810138,-1.4638064632134633,1.0,-0.0173493970743838,1.0,0.0,0.0,1.0,0.0
191,0,1,0.7170731707317073,-2.2814662548807805,0.16788917065830275,-1.265229056010095,1.0,0.010983105662161895,0.0,0.0,1.0,1.0,0.0
192,0,1,0.6199324324324325,-2.0985355712947937,0.18478594246365668,-1.1565275182724806,1.0,0.030940585942283706,0.0,0.0,1.0,0.0,0.0
193,0,1,0.6047904191616766,-2.3906107243058488,0.1399272756202553,-1.5197054206853062,1.0,0.00631112584751125,0.0,0.0,1.0,1.0,0.0
194,1,0,0.5032679738562091,-2.6036855496147,0.1051413971565232,-1.7711766369084634,1.0,-0.004151915958176804,1.0,0.0,0.0,0.0,0.0
195,1,0,0.6516443361753959,-1.719078968316769,0.23179006551807496,-1.0900241125312244,1.0,-0.0266422234473113,1.0,0.0,0.0,0.0,1.0
196,1,0,0.5714285714285714,-2.199993212053571,0.2071058300267732,-1.1383026981662814,1.0,0.03156724266362676,0.0,0.0,0.0,1.0,0.0
197,0,1,0.6216768916155421,-2.399565566958775,0.15164013487051614,-1.2632414347745815,1.0,-0.002712191788526248,1.0,0.0,0.0,1.0,0.0
198,1,1,0.6157635467980296,-2.117018976988807,0.16983025789571915,-1.3143939572219627,1.0,0.00944825402994243,0.0,0.0,0.0,1.0,0.0
199,1,0,0.7657512116316639,-1.7305587860001994,0.2051518849524505,-1.0362670439419512,1.0,-0.011181452773144654,1.0,0.0,0.0,0.0,1.0
200,1,1,0.6424682395644283,-1.8712917897917312,0.1969368593235732,-1.2080679768616929,1.0,-0.002712191788526248,1.0,0.0,0.0,0.0,0.0
201,1,1,0.5981941309255079,-2.1777168173424184,0.17978926013763633,-1.303379981945051,1.0,0.019835982850230017,0.0,0.0,0.0,1.0,0.0
202,0,0,0.6388888888888888,-2.2174839442139063,0.17892901128227556,-1.3468075177959753,1.0,-0.010369428156983829,1.0,1.0,0.0,1.0,0.0
203,1,1,0.6875,-2.364803460699563,0.13402847141500454,-1.4942194996626073,1.0,0.009124591224158929,0.0,0.0,0.0,1.0,0.0
204,0,1,0.7525773195876289,-1.9980214340179119,0.2031599932916275,-1.063356074823826,1.0,0.017348745653835332,0.0,0.0,1.0,0.0,0.0
205,0,1,0.7561475409836066,-2.0277283608509427,0.19905462233696888,-1.1208119660059461,1.0,0.026555255526722457,0.0,1.0,0.0,0.0,0.0
206,1,1,0.6008583690987125,-2.1314167976894494,0.1563088888307767,-1.3151382495753479,1.0,0.006385606555695641,0.0,0.0,0.0,1.0,0.0
207,1,1,0.6866840731070496,-2.0201089639807503,0.16983025789571915,-1.1685847478019469,1.0,0.038019996703800685,0.0,0.0,0.0,0.0,0.0
208,1,0,0.6456086286594761,-1.9194388020993882,0.18478594246365668,-1.1815336170167583,0.0,-0.01238272736361786,1.0,0.0,0.0,0.0,0.0
209,1,1,0.7226415094339622,-2.1412875517157435,0.2363361229123148,-1.1887122016438818,1.0,0.03047147241511062,0.0,0.0,0.0,1.0,0.0
210,1,1,0.6209850107066381,-2.005259842941832,0.1504269618196661,-1.2482978916281258,1.0,0.0400947259947003,0.0,0.0,0.0,0.0,0.0
211,1,1,0.6485148514851485,-2.0851716097368125,0.16386631535757082,-1.282847160597166,1.0,0.04110381750255497,0.0,0.0,0.0,0.0,0.0
212,1,1,0.7216748768472906,-2.0473830488474127,0.20248727315653706,-1.2005650284388818,1.0,0.04946365377677967,0.0,0.0,0.0,0.0,0.0
213,0,1,0.5674157303370787,-1.9602328731285124,0.18478594246365668,-1.1422870791578703,1.0,0.014589883564370137,0.0,0.0,1.0,0.0,0.0
214,0,1,0.6167800453514739,-2.2612628687924934,0.14666469972787188,-1.3129091883162716,1.0,-0.039427182272424366,1.0,1.0,0.0,1.0,0.0
215,1,1,0.5470249520153551,-2.3026555539507187,0.18148548540822448,-1.3444103020577198,1.0,0.009124591224158929,0.0,0.0,0.0,1.0,0.0
216,1,1,0.5724907063197026,-2.2234743079030936,0.116407849317312,-1.5197054206853062,1.0,-0.04017284790046339,1.0,0.0,0.0,1.0,0.0
217,1,0,0.6283783783783784,-2.0808068043343617,0.17078438048810138,-1.2856222146519385,1.0,0.009124591224158929,0.0,0.0,0.0,0.0,0.0
218,1,1,0.6065857885615251,-1.8183557146039329,0.1902934161644617,-1.147825982411164,1.0,0.012479814606479392,0.0,0.0,0.0,0.0,0.0
219,1,0,0.7003424657534246,-1.9018298570411931,0.22042506049490304,-1.1030831990455143,0.0,0.03158121781594317,0.0,0.0,0.0,0.0,0.0
220,1,1,0.6611909650924025,-1.9315876916789825,0.17358462212898795,-1.180439675677892,1.0,0.05110289644713397,0.0,0.0,0.0,0.0,0.0
221,0,1,0.5842696629213483,-2.0315887816641807,0.17892901128227556,-1.221068238137215,1.0,0.03588740285130386,0.0,0.0,1.0,0.0,0.0
222,1,0,0.7165775401069518,-1.825534299231056,0.2077490199634993,-1.1284987946722371,1.0,-0.03718971511231524,1.0,0.0,0.0,0.0,0.0
223,0,1,0.532258064516129,-2.5493278872921072,0.1563088888307767,-1.595085377852782,1.0,-0.014565682221295203,1.0,0.0,1.0,0.0,0.0
224,0,1,0.6365979381443299,-2.1617287119582884,0.16690156445167115,-1.3372970396059325,1.0,0.017113521083632423,0.0,1.0,0.0,1.0,0.0
225,1,0,0.6573556797020484,-1.8794096800139108,0.15516790735950425,-1.2168894273765016,1.0,-0.041430293245650736,0.0,0.0,0.0,0.0,0.0
226,0,1,0.6655629139072847,-2.0596175052644243,0.2096550807447836,-1.1601618029275746,1.0,-0.08225588236193797,0.0,1.0,0.0,0.0,0.0
227,0,0,0.5760869565217391,-1.8066489550706823,0.2018100531375996,-1.1750109239664936,1.0,0.02059574803800171,0.0,0.0,1.0,0.0,0.0
228,1,0,0.6884779516358464,-1.7209713219944742,0.21695322104706244,-1.0208649162724075,0.0,0.04943393010665701,0.0,0.0,0.0,0.0,1.0
229,0,1,0.7747524752475248,-2.039414119176137,0.17172795975000935,-1.268562107533993,1.0,-0.05263816056638923,0.0,0.0,1.0,0.0,0.0
230,0,1,0.6532567049808429,-1.907620535922088,0.1771832510664747,-1.2074862025189634,1.0,-0.04436262175280906,0.0,0.0,1.0,0.0,0.0
231,0,1,0.6191446028513238,-2.1943160791618803,0.17806041016981206,-1.3565309347335732,1.0,0.02349249711051344,0.0,1.0,0.0,1.0,0.0
232,1,1,0.6138613861386139,-1.893286083497899,0.183971896919585,-1.0751973589740818,1.0,0.0552387875374565,0.0,0.0,0.0,0.0,0.0
233,0,1,0.7763975155279503,-1.7423503107297569,0.23127382758294104,-0.969208279453968,1.0,-0.011098404275872215,1.0,1.0,0.0,0.0,1.0
234,1,1,0.6666666666666666,-1.9194388020993882,0.1823218358642896,-1.2104028990553348,1.0,-0.0014126500501653585,1.0,0.0,0.0,0.0,0.0
235,1,1,0.672,-2.2234743079030936,0.15963560354654874,-1.5126050802673672,0.0,-0.0038625301630184,1.0,0.0,0.0,1.0,0.0
236,0,0,0.5590778097982709,-2.1831797130439208,0.16071425520942953,-1.4142888237794813,1.0,0.005860839623049092,0.0,0.0,0.0,1.0,0.0
237,0,1,0.5336134453781513,-2.4373541278481747,0.13555165262327465,-1.5979332207256085,1.0,0.010983105662161895,0.0,0.0,1.0,1.0,0.0
238,0,1,0.7419354838709677,-1.907620535922088,0.19764782888087104,-1.1189113306665115,1.0,0.01976938067024998,0.0,0.0,1.0,0.0,0.0
239,1,0,0.4749034749034749,-2.0126209425882005,0.16282915899338946,-1.2773496886859483,1.0,-0.006417682468154485,1.0,0.0,0.0,0.0,0.0
240,1,1,0.7224770642201835,-1.4776624317141798,0.2499100271225103,-0.8488277775028579,1.0,-0.01910244342436604,1.0,0.0,0.0,0.0,1.0
241,0,1,0.7409420289855072,-1.8089651977978631,0.20044180731724984,-1.1859371475891096,1.0,0.042603241797504535,0.0,0.0,1.0,0.0,0.0
242,1,0,0.5778364116094987,-2.235708764320105,0.15283420084356167,-1.3698436853390863,1.0,-0.024071643443847882,1.0,0.0,0.0,1.0,0.0
243,0,1,0.7201646090534979,-2.2174839442139063,0.1585421746858095,-1.2521469077990424,1.0,0.006385606555695641,0.0,0.0,0.0,1.0,0.0
244,0,0,0.6573426573426573,-1.9635355086785984,0.19549931275037705,-1.190385785533448,1.0,0.06748534626612396,0.0,0.0,1.0,0.0,0.0
245,0,1,0.6646706586826348,-2.166992951950645,0.16788917065830275,-1.4998818286587432,0.0,0.0009944971818087848,1.0,0.0,1.0,1.0,0.0
246,1,1,0.5616224648985959,-2.0277283608509427,0.1969368593235732,-1.2192723934753242,1.0,-0.05328217125439354,0.0,0.0,0.0,0.0,0.0
247,1,0,0.6036269430051814,-2.317378810771425,0.15963560354654874,-1.5197054206853062,0.0,-0.019194814550172485,1.0,0.0,0.0,1.0,0.0
248,0,1,0.7030651340996169,-1.934678768656124,0.1947725427976492,-1.1323938385557613,1.0,0.029860707346193963,0.0,1.0,0.0,0.0,0.0
249,0,1,0.5245398773006135,-2.156527518272481,0.15283420084356167,-1.4227954076772498,1.0,0.027548650055080844,0.0,1.0,0.0,1.0,0.0
250,1,0,0.6290150629341771,-2.0315887816641807,0.19105459793226087,-1.2400735697225551,1.0,0.045262646375410436,0.0,0.0,0.0,0.0,0.0
251,0,1,0.6124721603563474,-2.199993212053571,0.2077490199634993,-1.442317547379725,1.0,0.041253540387578766,0.0,0.0,1.0,1.0,0.0
252,1,0,0.580952380952381,-2.4275942905590187,0.1585421746858095,-1.5442483617628318,1.0,-0.024693936868313008,1.0,0.0,0.0,1.0,0.0
253,1,1,0.5842293906810035,-2.0473830488474127,0.17266128220787175,-1.5102638644524646,1.0,0.03942151419367548,0.0,0.0,0.0,0.0,0.0
254,1,0,0.7059961315280464,-2.1412875517157435,0.16983025789571915,-1.1488406896061896,1.0,0.038019996703800685,0.0,0.0,0.0,1.0,0.0
255,0,1,0.6333333333333333,-1.8529200997206887,0.18639285740271386,-1.1437906968695477,1.0,0.017658788652279187,0.0,1.0,0.0,0.0,0.0
256,1,1,0.7428571428571429,-2.1314167976894494,0.18718602805283507,-1.3092193234531069,1.0,0.02312823138279143,0.0,0.0,0.0,1.0,0.0
257,1,1,0.6809045226130653,-1.9377920040802672,0.17806041016981206,-1.2835392635036458,1.0,-0.0010333903498208519,1.0,0.0,0.0,0.0,0.0
258,1,0,0.5357142857142857,-1.8904751061640708,0.17892901128227556,-1.262580910720407,1.0,-0.03686673336937319,1.0,0.0,0.0,0.0,0.0
259,0,1,0.6024096385542169,-2.364803460699563,0.17358462212898795,-1.6494430401753748,1.0,-0.008501908788810792,1.0,1.0,0.0,1.0,0.0
260,1,0,0.6509090909090909,-2.0940350700681174,0.16690156445167115,-1.4897421973078628,0.0,0.0041955997469423825,0.0,0.0,0.0,0.0,0.0
261,1,0,0.720682302771855,-1.9224443122391128,0.17078438048810138,-1.180439675677892,1.0,0.0502573584765036,0.0,0.0,0.0,0.0,0.0
262,1,0,0.6183745583038869,-1.7997734370866347,0.1947725427976492,-1.2127504425113205,1.0,-0.05411991916838179,0.0,0.0,0.0,0.0,0.0
263,1,0,0.6347438752783965,-2.0126209425882005,0.1754023943420376,-1.4189941187971007,1.0,-0.03722228311578906,1.0,0.0,0.0,0.0,0.0
264,1,0,0.6694386694386695,-2.1412875517157435,0.17892901128227556,-1.2527917401103854,1.0,-0.026448766740728977,1.0,0.0,0.0,1.0,0.0
265,0,1,0.6018376722817764,-2.0089247970282367,0.2096550807447836,-1.1170189769888068,1.0,0.008862654741110488,0.0,0.0,1.0,0.0,0.0
266,0,0,0.5230566534914362,-1.7228719573339084,0.19180976229557464,-1.0989881971636986,1.0,-0.00635224375195689,1.0,0.0,0.0,0.0,1.0
267,1,1,0.7296511627906976,-1.769052943278608,0.22268020487855564,-1.0530495996438087,0.0,0.052040849972570837,0.0,0.0,0.0,0.0,0.0
268,0,0,0.7147385103011094,-1.6794062635528182,0.18064135466867806,-1.0913569866676704,1.0,0.009124591224158929,0.0,0.0,1.0,0.0,1.0
269,1,1,0.6723716381418093,-2.188712201643882,0.16886529242099754,-1.39685967358285,0.0,0.056994918380870514,0.0,0.0,0.0,1.0,0.0
270,1,1,0.5707547169811321,-2.309954792692218,0.13087368167352156,-1.5367387599840867,0.0,0.013148883711569307,0.0,0.0,0.0,1.0,0.0
271,0,0,0.5154639175257731,-2.3818367999983434,0.13402847141500454,-1.57430177192949,1.0,-0.023438007501532743,1.0,1.0,0.0,1.0,0.0
272,1,1,0.5193370165745856,-1.8328335379725555,0.15400989474470325,-1.2350887863677036,1.0,-0.014063666503357755,1.0,0.0,0.0,0.0,0.0
273,1,1,0.6494565217391305,-2.2115750846033846,0.19905462233696888,-1.318128240606926,1.0,0.04916280160245258,0.0,0.0,0.0,1.0,0.0
274,0,1,0.6470588235294118,-1.9838967913263057,0.17358462212898795,-1.2919316885589454,1.0,0.0020075989510756733,1.0,0.0,1.0,0.0,0.0
275,0,1,0.6348448687350835,-1.6214143165751314,0.16489050641771066,-1.3492180391476234,1.0,-0.0272555787559859,1.0,1.0,0.0,0.0,1.0
276,0,1,0.6039215686274509,-2.295476969323595,0.13555165262327465,-1.5979332207256085,1.0,-0.032710695501986374,1.0,0.0,0.0,1.0,0.0
277,0,1,0.4808917197452229,-1.8961153735167635,0.18148548540822448,-1.2919316885589454,1.0,-0.0038625301630184,1.0,0.0,1.0,0.0,0.0
278,1,1,0.4910394265232975,-2.3818367999983434,0.11217102946293067,-1.6051356160099326,1.0,-0.00860636833200647,1.0,0.0,0.0,1.0,0.0
279,0,0,0.6012145748987854,-2.06796957962919,0.15963560354654874,-1.300489492194211,1.0,0.007191348327184309,0.0,1.0,0.0,0.0,0.0
280,1,1,0.5696517412935324,-2.1943160791618803,0.17358462212898795,-1.2705742863392782,1.0,0.036830796877746964,0.0,0.0,0.0,1.0,0.0
281,1,0,0.6291208791208791,-2.2295484556152867,0.17358462212898795,-1.4295287903362182,1.0,-0.04986259667304091,0.0,0.0,0.0,1.0,0.0
282,0,1,0.5364583333333334,-2.248297891628126,0.16489050641771066,-1.378376267888837,1.0,0.059454155167011566,0.0,0.0,1.0,1.0,0.0
283,0,1,0.5303430079155673,-2.2295484556152867,0.1585421746858095,-1.4363682148665238,1.0,-0.01269239188194706,1.0,0.0,1.0,1.0,0.0
284,0,1,0.5447470817120622,-2.1463083530907943,0.12755898889286704,-1.5209001792982495,1.0,0.026883961460419603,0.0,0.0,0.0,1.0,0.0
285,1,0,0.5350194552529183,-1.7544709434056107,0.20580732673767832,-1.0085569067208473,1.0,-0.06119950743568561,0.0,0.0,0.0,0.0,1.0
286,1,1,0.6366047745358089,-2.063773465035582,0.15516790735950425,-1.3941705350720688,1.0,0.009124591224158929,0.0,0.0,0.0,0.0,0.0
287,1,1,0.7443609022556391,-2.0895807286418675,0.15963560354654874,-1.2216685070398312,0.0,-0.03995423330689589,1.0,0.0,0.0,0.0,0.0
288,0,1,0.6708633093525179,-1.9134894695861864,0.16071425520942953,-1.2705742863392782,1.0,-0.010885933923670295,1.0,0.0,1.0,0.0,0.0
289,1,1,0.7,-2.166992951950645,0.16386631535757082,-1.287715204157782,1.0,-0.02258578146813989,1.0,0.0,0.0,1.0,0.0
290,0,1,0.6862745098039216,-1.9537020059695551,0.16690156445167115,-1.268562107533993,1.0,-0.014905424266206996,1.0,0.0,1.0,0.0,0.0
291,1,1,0.6564673157162726,-1.7648364588774446,0.19549931275037705,-1.0265768944709648,1.0,0.026883961460419603,0.0,0.0,0.0,0.0,0.0
292,0,1,0.6560077519379846,-1.418048972652788,0.2503523466775067,-0.8683528432940865,1.0,0.009124591224158929,0.0,1.0,0.0,0.0,1.0
293,0,1,0.7197452229299363,-2.399565566958775,0.13555165262327465,-1.371536843358531,1.0,0.02464217157312161,0.0,0.0,0.0,1.0,0.0
294,1,1,0.6711409395973155,-2.2612628687924934,0.14919389847649644,-1.4363682148665238,1.0,0.036866889518440776,0.0,0.0,0.0,1.0,0.0
295,1,1,0.5761589403973509,-2.2174839442139063,0.17358462212898795,-1.3211389596447316,1.0,0.051895160794828976,0.0,0.0,0.0,1.0,0.0
296,0,1,0.6842105263157895,-2.0473830488474127,0.2096550807447836,-1.1493489336453568,1.0,-0.03990318894493307,1.0,1.0,0.0,0.0,0.0
297,1,0,0.6292134831460674,-1.7733107664211492,0.18064135466867806,-1.025428472959362,1.0,-0.019999416118981355,1.0,0.0,0.0,0.0,0.0
298,0,0,0.7253886010362695,-2.501023207717552,0.13704135050547686,-1.2856222146519385,0.0,0.019074145624490203,0.0,0.0,0.0,0.0,0.0
299,0,1,0.6045714285714285,-2.0808068043343617,0.17078438048810138,-1.2856222146519385,1.0,-0.022858004861799515,1.0,0.0,1.0,0.0,0.0
300,1,0,0.7509433962264151,-1.7305587860001994,0.2472226142495576,-0.9233500362001366,1.0,0.050248012316791976,0.0,0.0,0.0,0.0,1.0
301,0,1,0.6392572944297082,-2.136324132184193,0.14919389847649644,-1.4199413263304932,1.0,0.03942151419367548,0.0,0.0,1.0,1.0,0.0
302,1,0,0.7148846960167715,-1.9909016928949643,0.1823218358642896,-1.2495771104672988,1.0,-0.05097464568124585,0.0,0.0,0.0,0.0,0.0
303,1,1,0.625,-2.295476969323595,0.1563088888307767,-1.4227954076772498,1.0,0.022092379851270345,0.0,0.0,0.0,1.0,0.0
304,1,0,0.6982758620689655,-2.457557513936462,0.12223773446562684,-1.5293568063614869,0.0,0.03904847780282676,0.0,0.0,0.0,0.0,0.0
305,1,0,0.6282722513089005,-2.1831797130439208,0.17266128220787175,-1.3444103020577198,1.0,-0.06729617762554349,0.0,0.0,0.0,1.0,0.0
306,1,1,0.5502008032128514,-2.317378810771425,0.14919389847649644,-1.506775536606643,1.0,0.018783088263761943,0.0,0.0,0.0,1.0,0.0
307,0,1,0.6073717948717948,-2.035483825547705,0.16886529242099754,-1.221068238137215,1.0,0.07023428379468515,0.0,0.0,1.0,0.0,0.0
308,1,1,0.7021276595744681,-2.1777168173424184,0.18718602805283507,-1.2011375987023087,1.0,0.01545098227966197,0.0,0.0,0.0,1.0,0.0
309,0,1,0.5844155844155844,-2.5367387599840865,0.14536671395928835,-1.4809237322606743,1.0,0.01972689047532399,0.0,1.0,0.0,0.0,0.0
310,1,0,0.6,-2.241957713597107,0.17892901128227556,-1.378376267888837,1.0,-0.004257339854812439,1.0,0.0,0.0,1.0,0.0
311,0,1,0.6056338028169014,-2.3404441148401185,0.1203568548070285,-1.577016121277181,1.0,0.02641328115211709,0.0,0.0,1.0,1.0,0.0
312,0,1,0.674863387978142,-2.001625558286737,0.14536671395928835,-1.3333949964479388,1.0,0.009124591224158929,0.0,0.0,0.0,0.0,0.0
313,1,0,0.6966292134831461,-2.356530934733573,0.1574334518757247,-1.4596305225593271,0.0,-0.001710114517104365,1.0,0.0,0.0,1.0,0.0
314,0,1,0.5704845814977973,-2.0473830488474127,0.17892901128227556,-1.3428194780009317,1.0,-0.014063666503357755,1.0,0.0,1.0,0.0,0.0
315,0,1,0.6324435318275154,-1.9105450889394051,0.1933025053072492,-1.2301605691512958,1.0,0.0502573584765036,0.0,0.0,1.0,0.0,0.0
316,1,1,0.532967032967033,-1.8231282294651776,0.2145754600633205,-1.280089726051977,1.0,-0.00635224375195689,1.0,0.0,0.0,0.0,0.0
317,0,1,0.6513157894736842,-1.9569551633672764,0.17449824223136212,-1.2898183292455463,1.0,0.017209259248019117,0.0,0.0,1.0,0.0,0.0
318,0,1,0.5054945054945055,-2.199993212053571,0.14132664120872435,-1.3959614426899498,1.0,0.06699643578439203,0.0,1.0,0.0,1.0,0.0
319,1,1,0.7269984917043739,-1.9164539485499248,0.254692070519953,-0.9969460034677892,1.0,-0.043140280328260464,0.0,0.0,0.0,0.0,0.0
320,0,1,0.6274900398406374,-2.1777168173424184,0.15516790735950425,-1.2759861256132,1.0,-0.006315604699400098,1.0,0.0,1.0,1.0,0.0
321,0,0,0.6497975708502024,-2.1314167976894494,0.13849934664233296,-1.1831797130439208,1.0,0.043750230991979264,0.0,0.0,1.0,1.0,0.0
322,1,1,0.6196473551637279,-2.1723217854557118,0.15516790735950425,-1.3249319486618707,1.0,0.03373003095682972,0.0,0.0,0.0,1.0,0.0
323,0,1,0.6177105831533477,-1.9804362592167992,0.13246985949286053,-1.3689995752931712,0.0,0.0928958048742471,0.0,0.0,1.0,0.0,0.0
324,0,1,0.6289978678038379,-2.001625558286737,0.16886529242099754,-1.3106915095472609,1.0,0.047434548648868174,0.0,0.0,0.0,0.0,0.0
325,1,0,0.6435185185185185,-1.987385119172127,0.1933025053072492,-1.3404441148401185,1.0,-0.0215517750235283,1.0,0.0,0.0,0.0,0.0
326,1,1,0.6519174041297935,-1.8876822059799008,0.16690156445167115,-1.3986617279605305,1.0,0.013508915272795578,0.0,0.0,0.0,0.0,0.0
327,1,1,0.6252821670428894,-2.005259842941832,0.17978926013763633,-1.3436141616296249,1.0,-0.08287206810309786,0.0,0.0,0.0,0.0,0.0
328,0,1,0.5145631067961165,-1.9980214340179119,0.17806041016981206,-1.3508325186348067,1.0,-0.02685481572551105,1.0,1.0,0.0,0.0,0.0
329,1,1,0.5759637188208617,-2.166992951950645,0.16071425520942953,-1.2933463298159469,0.0,0.05849216094127141,0.0,0.0,0.0,1.0,0.0
330,1,1,0.6290150629341771,-2.399565566958775,0.17449824223136212,-1.2856222146519385,1.0,0.009124591224158929,0.0,0.0,0.0,1.0,0.0
331,1,0,0.5797665369649806,-2.1265642948950374,0.17892901128227556,-1.180439675677892,1.0,-0.017748889853808732,1.0,0.0,0.0,1.0,0.0
332,0,0,0.6392961876832844,-2.005259842941832,0.16590212992307402,-1.3656394464859043,0.0,0.040619988496656566,0.0,0.0,1.0,0.0,0.0
333,1,1,0.5170454545454546,-2.199993212053571,0.16177861904385146,-1.3203843209111499,1.0,-0.015498481665338357,1.0,0.0,0.0,1.0,0.0
334,1,1,0.5491071428571429,-2.5493278872921072,0.116407849317312,-1.5824962505447615,0.0,-0.0011741145629854926,1.0,0.0,0.0,0.0,0.0
335,1,1,0.6297968397291196,-2.0895807286418675,0.16282915899338946,-1.265229056010095,0.0,0.0009176316515647273,1.0,0.0,0.0,0.0,0.0
336,0,1,0.4851752021563343,-2.254732001633536,0.16690156445167115,-1.4275942905590189,0.0,-0.017173041723842902,1.0,1.0,0.0,1.0,0.0
337,0,1,0.8015665796344648,-2.117018976988807,0.1771832510664747,-1.3906107243058483,1.0,0.034906080221913875,0.0,0.0,1.0,1.0,0.0
338,1,1,0.5867768595041323,-1.8904751061640708,0.21336655857909875,-1.3218949119363888,1.0,0.016630012089519853,0.0,0.0,0.0,0.0,0.0
339,0,0,0.4842105263157895,-2.373236628236426,0.1504269618196661,-1.4617134737076194,1.0,0.04014120345032837,0.0,0.0,1.0,1.0,0.0
340,1,1,0.5505319148936171,-2.274626830350475,0.14919389847649644,-1.2990514296818934,0.0,0.021412189133903532,0.0,0.0,0.0,1.0,0.0
341,0,1,0.5695238095238095,-2.0764854305517195,0.14794010896021328,-1.2807774450902278,0.0,0.01406594186334308,0.0,0.0,1.0,0.0,0.0
342,0,1,0.5924855491329479,-2.364803460699563,0.13087368167352156,-1.4627587076222694,0.0,0.030329681116254243,0.0,1.0,0.0,1.0,0.0
343,1,1,0.65625,-2.1463083530907943,0.17172795975000935,-1.2856222146519385,0.0,0.003843744682191498,0.0,0.0,0.0,1.0,0.0
344,0,1,0.5817757009345794,-2.205745540942662,0.16590212992307402,-1.2699025236656618,1.0,-0.0012538149975891099,1.0,0.0,0.0,1.0,0.0
345,0,1,0.6682464454976303,-1.9194388020993882,0.17172795975000935,-1.2739487748155447,1.0,0.002046754742247154,1.0,0.0,1.0,0.0,0.0
346,1,0,0.5539999999999999,-1.9018298570411931,0.17172795975000935,-1.335732012752305,1.0,0.02876703122721888,0.0,0.0,0.0,0.0,0.0
347,0,1,0.6227758007117438,-2.199993212053571,0.2145754600633205,-1.1664636472149217,1.0,-0.017276777870284775,1.0,1.0,0.0,1.0,0.0
348,1,0,0.7363112391930836,-1.7524272008956243,0.2096550807447836,-1.0821116460227065,1.0,0.001083693052800594,1.0,0.0,0.0,0.0,1.0
349,0,1,0.6780715396578538,-2.0473830488474127,0.17978926013763633,-1.1518991140904096,1.0,-0.0072171868490296534,1.0,1.0,0.0,0.0,0.0
350,1,1,0.6765188834154351,-1.7669395839652091,0.2102827943130464,-1.1643528557844371,1.0,0.034906080221913875,0.0,0.0,0.0,0.0,0.0
351,1,0,0.7317073170731707,-1.9409277179331257,0.16282915899338946,-1.3026555539507183,1.0,-0.01910244342436604,1.0,0.0,0.0,0.0,0.0
352,0,1,0.5451388888888888,-2.356530934733573,0.1574334518757247,-1.1915051018280518,1.0,-0.011441967183758969,1.0,0.0,0.0,1.0,0.0
353,0,1,0.6,-2.4275942905590187,0.13402847141500454,-1.4363682148665238,1.0,0.00631112584751125,0.0,1.0,0.0,1.0,0.0
354,0,0,0.662379421221865,-1.898963216389589,0.19975062318276152,-1.1575627857040858,1.0,-0.039757110614729606,1.0,0.0,1.0,0.0,0.0
355,1,0,0.7370030581039755,-2.356530934733573,0.17449824223136212,-1.3879598850571322,0.0,-0.02246402239096419,1.0,0.0,0.0,1.0,0.0
356,0,1,0.6978723404255319,-2.0315887816641807,0.17449824223136212,-1.2787175464526297,1.0,0.04356371060724448,0.0,0.0,1.0,0.0,0.0
357,1,1,0.6327077747989276,-2.274626830350475,0.16489050641771066,-1.39685967358285,1.0,0.009124591224158929,0.0,0.0,0.0,1.0,0.0
358,1,0,0.5247524752475248,-2.0433803063937384,0.18639285740271386,-1.1842805868448072,1.0,-0.06045497970471485,0.0,0.0,0.0,0.0,0.0
359,1,0,0.6799276672694394,-1.9735968346864936,0.2254364277514162,-1.0390194853626105,1.0,0.047521580948463316,0.0,0.0,0.0,0.0,0.0
360,1,0,0.6675257731958762,-2.0808068043343617,0.16282915899338946,-1.3084850976114424,1.0,-0.0008063218195906665,1.0,0.0,0.0,0.0,0.0
361,1,0,0.7844311377245509,-2.0851716097368125,0.2151748359702141,-1.1744717625292715,1.0,0.02732320018101252,0.0,0.0,0.0,0.0,0.0
362,1,1,0.5836177474402731,-2.317378810771425,0.1563088888307767,-1.4133538514444082,1.0,0.04162781832796953,0.0,0.0,0.0,1.0,0.0
363,0,1,0.6141868512110726,-1.8183557146039329,0.17078438048810138,-1.2419577135971067,1.0,-0.04986259667304091,0.0,0.0,0.0,0.0,0.0
364,1,0,0.5617021276595745,-2.2612628687924934,0.13087368167352156,-1.6274884642873244,0.0,0.007191348327184309,0.0,0.0,0.0,1.0,0.0
365,0,1,0.6253776435045317,-2.117018976988807,0.18478594246365668,-1.3062898386058126,1.0,0.012849097356874246,0.0,0.0,1.0,1.0,0.0
366,1,0,0.5837104072398189,-2.5493278872921072,0.16177861904385146,-1.554467526944518,1.0,0.04014120345032837,0.0,0.0,0.0,0.0,0.0
367,1,0,0.6781914893617021,-2.0433803063937384,0.16788917065830275,-1.2898183292455463,1.0,0.04110381750255497,0.0,0.0,0.0,0.0,0.0
368,0,1,0.526829268292683,-1.8231282294651776,0.1902934161644617,-1.0498025229708254,1.0,0.048222318623155534,0.0,1.0,0.0,0.0,0.0
369,1,0,0.7070063694267515,-2.1076789507346634,0.20902358571247506,-1.2997698657132304,1.0,0.03898095449756205,0.0,0.0,0.0,1.0,0.0
370,0,0,0.6270627062706271,-1.8712917897917312,0.183971896919585,-1.0895807286418673,1.0,-0.02992321665797946,1.0,0.0,1.0,0.0,0.0
371,1,0,0.65875,-1.6214143165751314,0.20044180731724984,-0.9514392086113764,1.0,-0.014063666503357755,1.0,0.0,0.0,0.0,1.0
372,1,1,0.6931818181818182,-1.9635355086785984,0.1762973200084014,-1.250218135649218,1.0,0.00944825402994243,0.0,0.0,0.0,0.0,0.0
373,1,1,0.5079365079365079,-2.4087089463986446,0.12583500743879006,-1.5783796843499296,0.0,-0.013351642245815757,1.0,0.0,0.0,1.0,0.0
374,1,1,0.6345454545454545,-2.055500939069592,0.19255902678666406,-1.1417870278856956,1.0,0.03373003095682972,0.0,0.0,0.0,0.0,0.0
375,1,1,0.6372881355932203,-1.9804362592167992,0.1563088888307767,-1.4304992812024258,0.0,0.012479814606479392,0.0,0.0,0.0,0.0,0.0
376,1,1,0.5130023640661938,-2.117018976988807,0.16590212992307402,-1.4314719456222202,0.0,0.030198862266011026,0.0,0.0,0.0,1.0,0.0
377,1,1,0.6188870151770658,-1.8961153735167635,0.1947725427976492,-1.160683478043638,1.0,0.0012337806712595886,1.0,0.0,0.0,0.0,0.0
378,0,0,0.5878003696857671,-2.0201089639807503,0.19622071896503804,-1.3203843209111499,1.0,-0.011466887047280744,1.0,0.0,0.0,0.0,0.0
379,1,1,0.6646706586826348,-2.1777168173424184,0.2031599932916275,-1.2192723934753242,0.0,-0.009227861539718062,1.0,0.0,0.0,1.0,0.0
380,0,1,0.6666666666666666,-2.035483825547705,0.19180976229557464,-1.3732366282364257,1.0,0.011375196425691042,0.0,1.0,0.0,0.0,0.0
381,0,1,0.6569506726457399,-2.1314167976894494,0.16386631535757082,-1.2592932759295892,1.0,0.0016242938701320053,1.0,0.0,1.0,1.0,0.0
382,0,1,0.56957928802589,-2.136324132184193,0.13704135050547686,-1.3372970396059325,1.0,0.016234824406075828,0.0,0.0,1.0,1.0,0.0
383,0,1,0.7053571428571429,-2.0473830488474127,0.17978926013763633,-1.168053500663039,1.0,0.047521580948463316,0.0,0.0,1.0,0.0,0.0
384,0,1,0.6699029126213593,-2.295476969323595,0.116407849317312,-1.5197054206853062,1.0,-0.045963193905305004,0.0,0.0,0.0,1.0,0.0
385,1,1,0.6210526315789474,-2.6494430401753752,0.1754023943420376,-1.5636109063843882,1.0,-0.005204730567745611,1.0,0.0,0.0,0.0,0.0
386,0,0,0.5418326693227091,-2.633648772992143,0.13555165262327465,-1.6658334563635442,1.0,-0.002084846074433473,1.0,1.0,0.0,0.0,0.0
387,1,1,0.7962962962962963,-1.6095150932754236,0.19764782888087104,-1.0067221153061183,1.0,0.011934978076666231,0.0,0.0,0.0,0.0,1.0
388,1,1,0.6825053995680346,-1.9537020059695551,0.14794010896021328,-1.1887122016438818,1.0,0.030198862266011026,0.0,0.0,0.0,0.0,0.0
389,1,1,0.6934306569343066,-1.9537020059695551,0.16489050641771066,-1.3019323323316228,1.0,-0.02226088431474113,1.0,0.0,0.0,0.0,0.0
390,0,1,0.6164079822616408,-1.8020532033815333,0.15283420084356167,-1.362305115467088,1.0,0.05047290772158079,0.0,1.0,0.0,0.0,0.0
391,1,1,0.6434359805510534,-1.5636109063843882,0.20449222803510755,-1.1156051033084502,1.0,-0.012649890726914682,1.0,0.0,0.0,0.0,1.0
392,0,1,0.621342512908778,-2.0433803063937384,0.18559287821269405,-1.1373122884282596,1.0,0.016999659979245296,0.0,0.0,1.0,0.0,0.0
393,0,1,0.6413255360623782,-1.898963216389589,0.16983025789571915,-1.2419577135971067,0.0,-0.014457302664450278,1.0,0.0,1.0,0.0,0.0
394,1,0,0.7044410413476263,-1.7754554348877385,0.2102827943130464,-1.0575543447006508,1.0,0.04916280160245258,0.0,0.0,0.0,0.0,0.0
395,0,1,0.711340206185567,-1.9047155452786808,0.20382828755627205,-1.1570448435056622,1.0,0.030940585942283706,0.0,1.0,0.0,0.0,0.0
396,0,0,0.6817288801571709,-1.8659629562866644,0.1754023943420376,-1.2739487748155447,1.0,0.019538152328012624,0.0,0.0,1.0,0.0,0.0
397,0,1,0.670487106017192,-2.1314167976894494,0.17172795975000935,-1.2814662548807805,1.0,0.05336382324753392,0.0,0.0,1.0,1.0,0.0
398,1,1,0.5625,-2.356530934733573,0.14666469972787188,-1.4013789077222432,1.0,0.013148883711569307,0.0,0.0,0.0,1.0,0.0
399,0,1,0.5460992907801419,-2.241957713597107,0.1399272756202553,-1.3639690810348375,1.0,-0.019461930180780088,1.0,0.0,1.0,1.0,0.0
400,1,1,0.6620689655172414,-2.248297891628126,0.15516790735950425,-1.4964755799668314,1.0,0.009124591224158929,0.0,0.0,0.0,1.0,0.0
401,1,1,0.6204188481675392,-2.136324132184193,0.1823218358642896,-1.3532655473058055,1.0,0.009124591224158929,0.0,0.0,0.0,1.0,0.0
402,1,1,0.6891025641025641,-2.5367387599840865,0.1504269618196661,-1.442317547379725,0.0,-0.03994798366381734,1.0,0.0,0.0,0.0,0.0
403,0,1,0.6240963855421687,-2.1217654120132687,0.15400989474470325,-1.2849267869902872,1.0,0.016234824406075828,0.0,0.0,1.0,1.0,0.0
404,1,0,0.5311827956989247,-1.9504730358393558,0.15963560354654874,-1.3249319486618707,1.0,-0.02445763809442177,1.0,0.0,0.0,0.0,0.0
405,1,1,0.6131386861313869,-2.3026555539507187,0.1762973200084014,-1.388841701567002,1.0,-0.009283825646421207,1.0,0.0,0.0,1.0,0.0
406,1,0,0.5807692307692308,-2.3326187773281624,0.15516790735950425,-1.4575575139364618,1.0,0.02890979604279873,0.0,0.0,0.0,1.0,0.0
407,0,1,0.7021857923497268,-2.738384123512156,0.1585421746858095,-1.4068648057002744,0.0,-0.03730202283411388,1.0,1.0,0.0,0.0,0.0
408,0,1,0.6098807495741057,-2.0201089639807503,0.16071425520942953,-1.140788649326699,1.0,-0.014457302664450278,1.0,0.0,1.0,0.0,0.0
409,0,1,0.6192893401015228,-2.501023207717552,0.12923758913860178,-1.6987897617594938,1.0,-0.03023471691106464,1.0,0.0,1.0,0.0,0.0
410,1,1,0.6607538802660754,-2.0201089639807503,0.17358462212898795,-1.3287583565149237,1.0,0.009124591224158929,0.0,0.0,0.0,0.0,0.0
411,1,1,0.5787728026533997,-1.8183557146039329,0.22212070451863755,-1.1021698559498878,1.0,0.03753148264365503,0.0,0.0,0.0,0.0,0.0
412,0,1,0.7415865384615384,-1.4304992812024258,0.2485735843178148,-0.8961153735167633,1.0,0.014041837854611824,0.0,0.0,1.0,0.0,1.0
413,1,1,0.7230320699708455,-1.554467526944518,0.2358396169899792,-1.055500939069592,1.0,-0.05334674288233361,0.0,0.0,0.0,0.0,1.0
414,0,1,0.6495263870094723,-1.9909016928949643,0.20382828755627205,-0.9708909413105687,1.0,0.012394383117309374,0.0,0.0,1.0,0.0,0.0
415,0,1,0.6521739130434783,-1.7863405781727693,0.2071058300267732,-1.0891377969544136,1.0,0.014589883564370137,0.0,0.0,1.0,0.0,0.0
416,0,0,0.6690997566909975,-1.9569551633672764,0.1762973200084014,-1.1864907416499235,1.0,0.0043540380024049185,0.0,0.0,1.0,0.0,0.0
417,1,1,0.6144366197183099,-1.987385119172127,0.2031599932916275,-1.1127910903407203,1.0,0.02877508481350393,0.0,0.0,0.0,0.0,0.0
418,1,1,0.6148409893992933,-2.1617287119582884,0.14132664120872435,-1.4596305225593271,1.0,0.029424861508276945,0.0,0.0,0.0,1.0,0.0
419,0,1,0.5964125560538116,-2.205745540942662,0.16489050641771066,-1.2560303418588166,1.0,0.006842770621949718,0.0,0.0,1.0,1.0,0.0
420,1,1,0.5908045977011495,-1.9537020059695551,0.18797253320641646,-1.3041056203459511,1.0,0.011457396454871965,0.0,0.0,0.0,0.0,0.0
421,0,1,0.6326530612244898,-2.274626830350475,0.12923758913860178,-1.513780438175302,1.0,-0.001870803276098693,1.0,0.0,1.0,1.0,0.0
422,0,1,0.6073298429319371,-2.0851716097368125,0.15516790735950425,-1.4077858972054658,1.0,0.003952362020035917,0.0,0.0,1.0,0.0,0.0
423,1,1,0.5558659217877095,-2.3249319486618707,0.16177861904385146,-1.4919750787401551,1.0,-0.08287206810309786,0.0,0.0,0.0,1.0,0.0
424,0,1,0.636568848758465,-1.9635355086785984,0.21090678252339848,-1.2632414347745815,1.0,-0.03087689769993485,1.0,1.0,0.0,0.0,0.0
425,1,0,0.7127991675338189,-2.0808068043343617,0.2485735843178148,-0.9233500362001366,1.0,0.050248012316791976,0.0,0.0,0.0,0.0,0.0
426,1,0,0.6189801699716714,-1.8876822059799008,0.14536671395928835,-1.1260820133552991,1.0,-0.03497935148670358,1.0,0.0,0.0,0.0,0.0
427,1,1,0.6597938144329897,-2.0808068043343617,0.16282915899338946,-1.3835774615746446,1.0,0.007191348327184309,0.0,0.0,0.0,0.0,0.0
428,0,1,0.6351118760757315,-2.001625558286737,0.1947725427976492,-1.2151107444182916,1.0,0.030329681116254243,0.0,0.0,1.0,0.0,0.0
429,0,1,0.6943907156673114,-1.8066489550706823,0.1823218358642896,-1.1427877068581518,1.0,0.048825833316605984,0.0,0.0,0.0,0.0,0.0
430,1,1,0.6866028708133971,-1.934678768656124,0.17078438048810138,-1.2645655043425792,0.0,0.017130780284440303,0.0,0.0,0.0,0.0,0.0
431,1,1,0.5829383886255924,-2.489742197307863,0.11841527569441362,-1.7305587860001994,1.0,0.03093035333965312,0.0,0.0,0.0,0.0,0.0
432,1,0,0.6013513513513513,-2.364803460699563,0.12223773446562684,-1.5636109063843882,1.0,0.03128352766228791,0.0,0.0,0.0,1.0,0.0
433,0,1,0.6624087591240876,-1.8112938601164457,0.19404030828094546,-1.1368179292605902,1.0,-0.019500882747040826,1.0,0.0,0.0,0.0,0.0
434,1,0,0.7018072289156626,-2.2678934476915065,0.14919389847649644,-1.4199413263304932,0.0,0.036866889518440776,0.0,0.0,0.0,1.0,0.0
435,1,0,0.5965250965250966,-2.016348815107444,0.2071058300267732,-1.1739332696122915,1.0,0.0012337806712595886,1.0,0.0,0.0,0.0,0.0
436,1,0,0.5546995377503852,-1.7885507329778862,0.19905462233696888,-1.1696491955943855,1.0,-0.0173493970743838,1.0,0.0,0.0,0.0,0.0
437,1,1,0.6080402010050251,-2.1723217854557118,0.16386631535757082,-1.294765594091808,1.0,0.00895365761153808,0.0,0.0,0.0,1.0,0.0
438,1,1,0.7606635071090048,-2.199993212053571,0.1574334518757247,-1.1859371475891096,1.0,0.048825833316605984,0.0,0.0,0.0,1.0,0.0
439,0,1,0.6085790884718498,-2.205745540942662,0.16690156445167115,-1.2863187576751924,1.0,0.03306440470784555,0.0,0.0,1.0,1.0,0.0
440,1,1,0.6090225563909775,-2.309954792692218,0.16788917065830275,-1.4413203150657758,1.0,0.012946018279928658,0.0,0.0,0.0,1.0,0.0
441,1,1,0.7412587412587412,-1.987385119172127,0.16886529242099754,-1.3388677266051634,1.0,0.03093035333965312,0.0,0.0,0.0,0.0,0.0
442,0,1,0.7112860892388452,-2.0473830488474127,0.17266128220787175,-1.3959614426899498,1.0,0.018573387615092914,0.0,1.0,0.0,0.0,0.0
443,1,1,0.6897133220910624,-2.0126209425882005,0.18559287821269405,-1.0989881971636986,1.0,0.03753148264365503,0.0,0.0,0.0,0.0,0.0
444,1,0,0.7150537634408602,-1.8794096800139108,0.1831505828713543,-1.0688136896751053,1.0,-0.01068351267057182,1.0,0.0,0.0,0.0,0.0
445,0,1,0.6260162601626016,-2.4180489726527883,0.15283420084356167,-1.5033150044971368,1.0,0.03619158726309408,0.0,0.0,0.0,1.0,0.0
446,1,0,0.6219512195121951,-2.4473383487547755,0.17266128220787175,-1.4275942905590189,0.0,0.02434616229060081,0.0,0.0,0.0,0.0,0.0
447,0,1,0.6416083916083916,-1.9409277179331257,0.19404030828094546,-1.2489370300538605,1.0,0.008901471474528345,0.0,1.0,0.0,0.0,0.0
448,1,0,0.6354992076069731,-1.8478106939422083,0.2018100531375996,-1.0786407425778546,1.0,0.036830796877746964,0.0,0.0,0.0,0.0,0.0
449,0,1,0.6795918367346939,-2.1777168173424184,0.183971896919585,-1.2157028296932342,1.0,-0.02888526608696547,1.0,0.0,1.0,1.0,0.0
450,1,0,0.6100456621004566,-1.442317547379725,0.20580732673767832,-0.8664929069099626,1.0,-0.017606702228987726,1.0,0.0,0.0,0.0,1.0
451,0,1,0.6724137931034483,-1.9315876916789825,0.18875251115818506,-1.1988518329947615,1.0,0.04109396667393358,0.0,0.0,1.0,0.0,0.0
452,0,0,0.7099391480730223,-2.136324132184193,0.15963560354654874,-1.227108592558188,1.0,-0.06729617762554349,0.0,0.0,1.0,1.0,0.0
453,1,1,0.75,-1.9838967913263057,0.21336655857909875,-1.2109885963550342,1.0,-0.04827221695211025,0.0,0.0,0.0,0.0,0.0
454,0,1,0.5904,-2.039414119176137,0.18718602805283507,-1.3732366282364257,1.0,0.002730527290432577,1.0,1.0,0.0,0.0,0.0
455,1,1,0.7297297297297297,-1.8352941365202124,0.19255902678666406,-1.1348461007567936,0.0,0.0066801557600190105,0.0,0.0,0.0,0.0,0.0
456,0,1,0.5569334836527621,-1.8183557146039329,0.1947725427976492,-1.0502070823684109,1.0,0.03576920961214603,0.0,0.0,1.0,0.0,0.0
457,1,1,0.5549132947976878,-2.0201089639807503,0.1585421746858095,-1.2457507026142458,1.0,0.05325790805779927,0.0,0.0,0.0,0.0,0.0
458,1,1,0.7381818181818182,-2.0089247970282367,0.16282915899338946,-1.5392275603877812,1.0,0.02732320018101252,0.0,0.0,0.0,0.0,0.0
459,1,1,0.5844930417495029,-1.987385119172127,0.16590212992307402,-1.2566809704178132,1.0,-0.0514494247729166,0.0,0.0,0.0,0.0,0.0
460,1,1,0.6530612244897959,-2.0985355712947937,0.1771832510664747,-1.3827062587109724,1.0,-0.0227295848016888,1.0,0.0,0.0,0.0,0.0
461,1,0,0.5714285714285714,-2.6036855496147,0.10758741798510707,-1.6274884642873244,1.0,0.00693492115391497,0.0,0.0,0.0,0.0,0.0
462,1,0,0.5174013921113689,-1.9980214340179119,0.14794010896021328,-1.378376267888837,1.0,0.00665261116999354,0.0,0.0,0.0,0.0,0.0
463,1,1,0.6521739130434783,-2.0722066325724446,0.16886529242099754,-1.3428194780009317,1.0,-0.030450897308127382,1.0,0.0,0.0,0.0,0.0
464,0,1,0.4399141630901288,-2.1513878786200693,0.15963560354654874,-1.4659095883012276,0.0,0.005649853106774685,0.0,1.0,0.0,1.0,0.0
465,1,1,0.5835694050991501,-2.039414119176137,0.16983025789571915,-1.3557122832528932,1.0,-0.012548144912838632,1.0,0.0,0.0,0.0,0.0
466,0,1,0.5704697986577181,-2.2234743079030936,0.1574334518757247,-1.4798339086476138,1.0,0.00665261116999354,0.0,0.0,0.0,1.0,0.0
467,1,0,0.6443594646271511,-1.8207354163492881,0.20112825722096947,-1.1926273104160372,1.0,0.021872903944552987,0.0,0.0,0.0,0.0,0.0
468,0,1,0.6197604790419161,-2.166992951950645,0.16690156445167115,-1.4353845349852703,1.0,0.047434548648868174,0.0,0.0,1.0,1.0,0.0
469,0,1,0.6260162601626016,-2.254732001633536,0.14919389847649644,-1.5220982338011964,1.0,-0.04515484849669108,0.0,0.0,1.0,1.0,0.0
470,0,1,0.6160220994475138,-2.188712201643882,0.16886529242099754,-1.388841701567002,1.0,0.03382320623002174,0.0,0.0,1.0,1.0,0.0
471,0,1,0.6815789473684211,-2.166992951950645,0.16489050641771066,-1.3923869823316517,0.0,0.045414897066108864,0.0,0.0,0.0,1.0,0.0
472,0,0,0.5850144092219021,-1.9134894695861864,0.20112825722096947,-1.0583784331488757,1.0,0.029424861508276945,0.0,0.0,0.0,0.0,0.0
473,0,0,0.6244635193133047,-2.199993212053571,0.1574334518757247,-1.3372970396059325,0.0,0.00684137614730739,0.0,0.0,1.0,1.0,0.0
474,0,1,0.6732673267326733,-2.0201089639807503,0.18952609566832976,-1.1596407536966231,1.0,0.047521580948463316,0.0,0.0,1.0,0.0,0.0
475,1,1,0.5690140845070423,-2.1463083530907943,0.14269883033753408,-1.3589961891218156,1.0,0.012946018279928658,0.0,0.0,0.0,1.0,0.0
476,0,0,0.6474164133738601,-2.166992951950645,0.14132664120872435,-1.4864142539589356,0.0,-0.00900122191999983,1.0,0.0,0.0,1.0,0.0
477,1,1,0.6139359698681732,-1.9472678959641447,0.1823218358642896,-1.1977134457586724,1.0,0.02181132592841911,0.0,0.0,0.0,0.0,0.0
478,1,0,0.6290150629341771,-1.8739809283025124,0.1771832510664747,-1.1777168173424186,0.0,0.006072283079279064,0.0,0.0,0.0,0.0,0.0
479,0,1,0.3954802259887006,-2.719078968316769,0.11217102946293067,-1.2856222146519385,0.0,-0.032698903758153694,1.0,0.0,0.0,0.0,0.0
480,0,1,0.5399449035812672,-2.199993212053571,0.17172795975000935,-1.5354996878685383,1.0,-0.03023471691106464,1.0,1.0,0.0,1.0,0.0
481,0,1,0.7281947261663286,-2.112323855780427,0.21812280278920265,-1.170182399445161,1.0,0.012058316862300132,0.0,0.0,1.0,1.0,0.0
482,0,1,0.6952054794520548,-1.9440862371779561,0.14919389847649644,-1.3923869823316517,1.0,0.035379568806444515,0.0,1.0,0.0,0.0,0.0
483,0,1,0.7178329571106095,-2.023901952997889,0.1823218358642896,-1.2228715396149332,1.0,0.0036730017281200976,1.0,0.0,0.0,0.0,0.0
484,1,0,0.7179962894248608,-1.8766868216784367,0.16983025789571915,-1.2104028990553348,1.0,-0.05411991916838179,0.0,0.0,0.0,0.0,0.0
485,0,0,0.7383820998278829,-1.9735968346864936,0.21636367134453635,-1.1323938385557613,1.0,0.030478263714888376,0.0,0.0,0.0,0.0,0.0
486,1,0,0.7105831533477321,-1.7711766369084634,0.1969368593235732,-1.3084850976114424,1.0,0.005264090092373582,0.0,0.0,0.0,0.0,0.0
487,0,1,0.5405759162303665,-1.9409277179331257,0.1831505828713543,-1.1067559015414847,1.0,0.016412267563570674,0.0,0.0,0.0,0.0,0.0
488,0,1,0.6691871455576559,-1.8159889813248256,0.19549931275037705,-1.2216685070398312,1.0,-0.013320562632980728,1.0,0.0,1.0,0.0,0.0
489,0,1,0.6080760095011877,-1.8849071519251284,0.16386631535757082,-1.4152258133164093,1.0,-0.06729617762554349,0.0,0.0,1.0,0.0,0.0
490,1,1,0.7142857142857143,-2.117018976988807,0.17172795975000935,-1.4680229476146267,1.0,0.009124591224158929,0.0,0.0,0.0,1.0,0.0
491,1,1,0.5910852713178295,-1.9440862371779561,0.19180976229557464,-1.1417870278856956,1.0,-0.0227295848016888,1.0,0.0,0.0,0.0,0.0
492,0,1,0.4,-2.2884151148361083,0.13246985949286053,-1.5866522103159193,0.0,-0.012915449239152613,1.0,0.0,0.0,1.0,0.0
493,1,1,0.6508120649651972,-1.837768755648068,0.20248727315653706,-1.0909122406155891,1.0,0.060035899481386976,0.0,0.0,0.0,0.0,0.0
494,1,1,0.6683046683046683,-2.0895807286418675,0.16386631535757082,-1.2891161553142445,1.0,-0.03904801439802518,1.0,0.0,0.0,0.0,0.0
495,1,0,0.6,-2.001625558286737,0.16886529242099754,-1.3106915095472609,0.0,-0.002117746190072883,1.0,0.0,0.0,0.0,0.0
496,1,1,0.75,-2.1412875517157435,0.22042506049490304,-1.250218135649218,1.0,0.009124591224158929,0.0,0.0,0.0,1.0,0.0
497,0,1,0.6081871345029239,-2.317378810771425,0.13246985949286053,-1.5232996024287042,1.0,0.03557985361183929,0.0,0.0,1.0,1.0,0.0
498,0,0,0.6425,-2.1943160791618803,0.1574334518757247,-1.3203843209111499,1.0,-0.048669477410061925,0.0,1.0,0.0,1.0,0.0
499,0,1,0.5786963434022258,-1.9377920040802672,0.2051518849524505,-1.1270471126011334,1.0,0.012058316862300132,0.0,0.0,1.0,0.0,0.0
500,1,1,0.6725146198830411,-1.9569551633672764,0.18478594246365668,-1.1141958176524278,1.0,-0.08545458841445729,0.0,0.0,0.0,0.0,0.0
501,1,1,0.665938864628821,-2.016348815107444,0.20580732673767832,-1.2521469077990424,1.0,0.04946365377677967,0.0,0.0,0.0,0.0,0.0
502,1,1,0.6460674157303371,-1.9735968346864936,0.1504269618196661,-1.4304992812024258,1.0,0.0552387875374565,0.0,0.0,0.0,0.0,0.0
503,1,1,0.4773869346733669,-2.3326187773281624,0.13087368167352156,-1.6846074572386258,1.0,0.009124591224158929,0.0,0.0,0.0,1.0,0.0
504,1,0,0.6501547987616099,-2.3906107243058488,0.14666469972787188,-1.5342641408562312,1.0,-0.02780558531861782,1.0,0.0,0.0,1.0,0.0
505,1,0,0.6029874213836478,-2.0808068043343617,0.17078438048810138,-0.7995461172793493,1.0,-0.03451192281812178,1.0,0.0,0.0,0.0,0.0
506,1,1,0.614963503649635,-2.117018976988807,0.2071058300267732,-1.211575084603386,1.0,-0.006455284788673374,1.0,0.0,0.0,1.0,0.0
507,1,1,0.6954545454545454,-2.399565566958775,0.15516790735950425,-1.456524708498694,1.0,0.014618490285938524,0.0,0.0,0.0,1.0,0.0
508,0,0,0.5865168539325842,-1.9409277179331257,0.18148548540822448,-1.2961895117014868,0.0,0.027548650055080844,0.0,0.0,0.0,0.0,0.0
509,1,1,0.6534653465346535,-2.035483825547705,0.19255902678666406,-1.0926939640660105,1.0,-0.01814470284943303,1.0,0.0,0.0,0.0,0.0
510,1,0,0.6187845303867403,-2.2234743079030936,0.15400989474470325,-1.4334238342197425,1.0,0.011443570738132758,0.0,0.0,0.0,1.0,0.0
511,0,0,0.6519480519480519,-2.274626830350475,0.1399272756202553,-1.4077858972054658,1.0,0.0237646681934918,0.0,1.0,0.0,1.0,0.0
512,1,0,0.7482517482517482,-2.1412875517157435,0.1585421746858095,-1.4256683695229802,1.0,-0.03718971511231524,1.0,0.0,0.0,1.0,0.0
513,0,1,0.5953079178885631,-1.9980214340179119,0.183971896919585,-1.173395443559776,1.0,0.06424352039413395,0.0,0.0,1.0,0.0,0.0
514,0,1,0.6896551724137931,-2.2234743079030936,0.17358462212898795,-1.3548951720393139,1.0,-0.003981063940780011,1.0,0.0,1.0,1.0,0.0
515,0,0,0.6104513064133017,-2.274626830350475,0.14666469972787188,-1.338081673029664,1.0,0.029658849885792867,0.0,0.0,1.0,1.0,0.0
516,0,1,0.6657458563535912,-1.5033150044971368,0.2145754600633205,-1.051829099125584,1.0,0.05647474671864434,0.0,1.0,0.0,0.0,1.0
517,1,0,0.6549912434325744,-1.7711766369084634,0.2096550807447836,-1.1820816227448687,1.0,-0.01910244342436604,1.0,0.0,0.0,0.0,0.0
518,1,0,0.6823899371069182,-2.001625558286737,0.20112825722096947,-1.2133393164753108,1.0,0.015781590442152996,0.0,0.0,0.0,0.0,0.0
519,1,1,0.6515373352855052,-1.8279537733544688,0.2145754600633205,-1.040204464220289,0.0,-0.05328217125439354,0.0,0.0,0.0,0.0,0.0
520,1,1,0.5668449197860963,-2.1943160791618803,0.1440451252269874,-1.4189941187971007,1.0,0.00627236509183841,0.0,0.0,0.0,1.0,0.0
521,0,1,0.6570796460176991,-2.1030831990455146,0.14536671395928835,-1.2470224296778831,1.0,-0.008561623058511695,1.0,0.0,1.0,1.0,0.0
522,1,1,0.7313797313797313,-1.7754554348877385,0.2139727168318916,-0.9708909413105687,1.0,0.02303784218787018,0.0,0.0,0.0,0.0,0.0
523,0,1,0.5574614065180102,-1.6969914383539308,0.18952609566832976,-1.1965780347017585,1.0,0.016234824406075828,0.0,0.0,1.0,0.0,1.0
524,1,1,0.6331360946745562,-1.8961153735167635,0.1563088888307767,-1.2566809704178132,1.0,0.06540829472830442,0.0,0.0,0.0,0.0,0.0
525,1,1,0.599009900990099,-2.1314167976894494,0.16282915899338946,-1.3723859041996491,1.0,0.012283636076088008,0.0,0.0,0.0,1.0,0.0
526,0,1,0.6262886597938144,-2.248297891628126,0.16886529242099754,-1.3818367999983434,1.0,0.050890498603735436,0.0,1.0,0.0,1.0,0.0
527,0,1,0.6902834008097166,-1.8766868216784367,0.16386631535757082,-1.1565275182724806,1.0,-0.08128005421833344,0.0,0.0,1.0,0.0,0.0
528,1,1,0.6784565916398714,-2.3026555539507187,0.1771832510664747,-1.4964755799668314,0.0,0.050359092069129134,0.0,0.0,0.0,1.0,0.0
529,0,1,0.5287009063444109,-2.2234743079030936,0.16071425520942953,-1.5044654541285696,1.0,0.06156607214404525,0.0,0.0,1.0,1.0,0.0
530,1,0,0.6287625418060201,-2.1831797130439208,0.17978926013763633,-1.4022884252942482,1.0,-0.004257339854812439,1.0,0.0,0.0,1.0,0.0
531,0,1,0.5688775510204082,-2.2814662548807805,0.14666469972787188,-1.4004712909197992,1.0,-0.001972269214104449,1.0,0.0,0.0,1.0,0.0
532,1,0,0.5314533622559653,-1.8580903331867789,0.16788917065830275,-1.3196309911786306,1.0,0.019104791635377056,0.0,0.0,0.0,0.0,0.0
533,0,1,0.5703971119133574,-1.9735968346864936,0.17449824223136212,-1.1859371475891096,1.0,0.024439700422253696,0.0,0.0,0.0,0.0,0.0
534,0,1,0.4881656804733728,-2.1723217854557118,0.12923758913860178,-1.4266302624564018,1.0,0.0009722257328841359,1.0,0.0,1.0,1.0,0.0
535,0,1,0.5794392523364486,-2.274626830350475,0.13555165262327465,-1.4227954076772498,1.0,0.011443570738132758,0.0,0.0,0.0,1.0,0.0
536,0,0,0.7103064066852368,-1.9770030833784047,0.17078438048810138,-1.294765594091808,1.0,0.03966555078328324,0.0,0.0,0.0,0.0,0.0
537,0,1,0.6109785202863962,-2.112323855780427,0.14794010896021328,-1.3048324732049932,1.0,0.018573387615092914,0.0,0.0,1.0,1.0,0.0
538,0,1,0.5322128851540616,-2.295476969323595,0.13555165262327465,-1.4606707493606046,1.0,0.02059574803800171,0.0,1.0,0.0,1.0,0.0
539,0,1,0.5699745547073791,-2.005259842941832,0.14919389847649644,-1.4433170748218516,1.0,-0.041772564583075635,0.0,1.0,0.0,0.0,0.0
540,1,1,0.5788381742738591,-2.0596175052644243,0.14269883033753408,-1.2912260921699368,1.0,0.012283636076088008,0.0,0.0,0.0,0.0,0.0
541,1,0,0.7066246056782335,-2.039414119176137,0.13402847141500454,-1.4050284626602771,0.0,0.026934693199931203,0.0,0.0,0.0,0.0,0.0
542,1,1,0.5741758241758241,-2.3906107243058488,0.14919389847649644,-1.39685967358285,1.0,-0.03722228311578906,1.0,0.0,0.0,1.0,0.0
543,1,1,0.6264591439688716,-2.5367387599840865,0.18797253320641646,-1.4237509514772582,1.0,-0.005204730567745611,1.0,0.0,0.0,0.0,0.0
544,1,0,0.6291208791208791,-2.1314167976894494,0.16489050641771066,-1.2856222146519385,1.0,-0.013881475176053431,1.0,0.0,0.0,1.0,0.0
545,0,0,0.5508021390374331,-2.136324132184193,0.1969368593235732,-1.2192723934753242,1.0,0.04333038842412912,0.0,0.0,0.0,1.0,0.0
546,0,1,0.6037735849056604,-2.589445110500089,0.12755898889286704,-1.7171948244422175,1.0,-0.0012710755751127554,1.0,0.0,0.0,0.0,0.0
547,0,1,0.6223776223776224,-2.1217654120132687,0.18064135466867806,-1.265229056010095,1.0,-0.01738198221030019,1.0,0.0,1.0,1.0,0.0
548,0,1,0.6129707112970711,-2.005259842941832,0.16489050641771066,-1.2482978916281258,1.0,0.0656009535043914,0.0,1.0,0.0,0.0,0.0
549,1,1,0.5845648604269293,-1.9770030833784047,0.17358462212898795,-1.1965780347017585,0.0,0.05794376554974497,0.0,0.0,0.0,0.0,0.0
550,0,1,0.6410256410256411,-2.023901952997889,0.22212070451863755,-1.0869298893931507,1.0,-0.019044127622350648,1.0,0.0,1.0,0.0,0.0
551,1,1,0.6503667481662592,-2.0985355712947937,0.17978926013763633,-1.3809690784671165,1.0,-0.05049199702518034,0.0,0.0,0.0,0.0,0.0
552,0,1,0.7052401746724891,-2.023901952997889,0.2031599932916275,-1.1633012947818155,1.0,0.021450493087717768,0.0,1.0,0.0,0.0,0.0
553,0,1,0.6320346320346321,-1.7863405781727693,0.2175395839555368,-1.031201191739389,1.0,0.025172540125549817,0.0,0.0,0.0,0.0,0.0
554,0,1,0.6351575456053068,-1.9702170940351127,0.20112825722096947,-1.1113908919803808,1.0,-0.03990318894493307,1.0,0.0,1.0,0.0,0.0
555,1,1,0.669576059850374,-1.6259619443258515,0.2243420589258613,-0.9739362598557082,1.0,0.04741091501124065,0.0,0.0,0.0,0.0,1.0
556,0,1,0.5621890547263682,-2.2174839442139063,0.16489050641771066,-1.2835392635036458,1.0,-0.041772564583075635,0.0,0.0,1.0,1.0,0.0
557,0,1,0.6045694200351494,-2.1617287119582884,0.1563088888307767,-1.2104028990553348,1.0,-0.008561623058511695,1.0,0.0,1.0,1.0,0.0
558,1,0,0.5474452554744526,-2.1463083530907943,0.14536671395928835,-1.528138588222169,1.0,0.021450493087717768,0.0,0.0,0.0,1.0,0.0
559,1,1,0.6719242902208202,-1.7997734370866347,0.18952609566832976,-1.1067559015414847,1.0,-0.0266422234473113,1.0,0.0,0.0,0.0,0.0
560,0,0,0.5548387096774193,-2.2678934476915065,0.15400989474470325,-1.5689234433554875,1.0,0.009124591224158929,0.0,1.0,0.0,1.0,0.0
561,1,1,0.5536231884057969,-2.309954792692218,0.16690156445167115,-1.375798845001026,1.0,-0.055101058143785984,0.0,0.0,0.0,1.0,0.0
562,1,1,0.4781297134238311,-1.9504730358393558,0.16590212992307402,-1.2482978916281258,1.0,0.02876703122721888,0.0,0.0,0.0,0.0,0.0
563,1,0,0.6220588235294118,-1.6352026010607643,0.18148548540822448,-1.1309291002974873,1.0,0.002730527290432577,1.0,0.0,0.0,0.0,1.0
564,1,1,0.7603626943005182,-1.5852624667879136,0.2254364277514162,-1.0227605739390804,1.0,0.03181611781966237,0.0,0.0,0.0,0.0,1.0
565,0,1,0.6467576791808873,-2.2295484556152867,0.19622071896503804,-1.1141958176524278,1.0,0.013423012273516756,0.0,0.0,1.0,1.0,0.0
566,0,1,0.6464646464646465,-2.1777168173424184,0.16071425520942953,-1.3106915095472609,0.0,0.041253540387578766,0.0,0.0,1.0,1.0,0.0
567,0,1,0.6581956797966964,-1.7669395839652091,0.2297111188608965,-1.0350927453934946,1.0,0.023098673969340587,0.0,0.0,0.0,0.0,0.0
568,0,1,0.6394984326018809,-2.348413044511393,0.15516790735950425,-1.3835774615746446,1.0,-0.010175503695470768,1.0,0.0,0.0,1.0,0.0
569,0,1,0.6172248803827751,-1.9409277179331257,0.2102827943130464,-1.0730590263336222,1.0,-0.015926389920412308,1.0,0.0,1.0,0.0,0.0
570,1,0,0.7007299270072993,-1.9735968346864936,0.18797253320641646,-1.1864907416499235,1.0,0.04437081598735093,0.0,0.0,0.0,0.0,0.0
571,1,0,0.6919504643962848,-1.6462379003001637,0.1969368593235732,-0.9990995342370128,1.0,-0.006315604699400098,1.0,0.0,0.0,0.0,1.0
572,1,1,0.6918032786885245,-2.3906107243058488,0.1440451252269874,-1.4864142539589356,1.0,0.0009176316515647273,1.0,0.0,0.0,1.0,0.0
573,0,1,0.7255813953488373,-1.863322860120456,0.17978926013763633,-1.2301605691512958,1.0,0.0043342511554957395,0.0,0.0,0.0,0.0,0.0
574,0,1,0.6754617414248021,-2.364803460699563,0.16690156445167115,-1.4041131947094958,1.0,-0.039305049874703096,1.0,0.0,1.0,1.0,0.0
575,1,0,0.6923076923076923,-2.3906107243058488,0.10257594247622524,-1.5838771562611471,1.0,0.004669618127058825,0.0,0.0,0.0,1.0,0.0
576,0,1,0.8150851581508516,-2.0808068043343617,0.20645862008771504,-1.2856222146519385,1.0,0.045414897066108864,0.0,0.0,1.0,0.0,0.0
577,1,1,0.628498727735369,-2.1265642948950374,0.16590212992307402,-1.4256683695229802,1.0,0.04437081598735093,0.0,0.0,0.0,1.0,0.0
578,1,1,0.5575539568345323,-2.4787468130064,0.13087368167352156,-1.513780438175302,1.0,-0.006417682468154485,1.0,0.0,0.0,0.0,0.0
579,1,1,0.6353982300884956,-1.8580903331867789,0.1762973200084014,-1.1328831845026357,1.0,0.02726278674615886,0.0,0.0,0.0,0.0,0.0
580,1,0,0.5343137254901961,-2.0433803063937384,0.15283420084356167,-1.3631363013321,1.0,0.012849097356874246,0.0,0.0,0.0,0.0,0.0
581,0,0,0.6382978723404256,-2.399565566958775,0.19404030828094546,-1.3818367999983434,1.0,0.022575265341070738,0.0,0.0,1.0,1.0,0.0
582,0,0,0.6013289036544851,-2.4680229476146267,0.12223773446562684,-1.615423952885944,0.0,0.04070516148742976,0.0,0.0,0.0,0.0,0.0
583,0,1,0.6052631578947368,-2.4180489726527883,0.1754023943420376,-1.4344030781112926,0.0,0.01385841620746863,0.0,0.0,0.0,1.0,0.0
584,1,0,0.6235955056179775,-2.001625558286737,0.15516790735950425,-1.1870450422764187,1.0,-0.024693936868313008,1.0,0.0,0.0,0.0,0.0
585,1,1,0.6322067594433399,-1.9537020059695551,0.16282915899338946,-1.170716258740294,1.0,0.019104791635377056,0.0,0.0,0.0,0.0,0.0
586,1,1,0.6423017107309487,-1.577016121277181,0.19180976229557464,-1.106295111597034,1.0,0.017323822774832926,0.0,0.0,0.0,0.0,1.0
587,1,1,0.6838709677419355,-2.035483825547705,0.17078438048810138,-1.2787175464526297,1.0,-0.03718971511231524,1.0,0.0,0.0,0.0,0.0
588,0,1,0.5723140495867769,-2.055500939069592,0.15283420084356167,-1.335732012752305,1.0,0.008571350983851266,0.0,1.0,0.0,0.0,0.0
589,0,1,0.5368731563421829,-2.348413044511393,0.12406244728097765,-1.4575575139364618,1.0,0.048222318623155534,0.0,1.0,0.0,1.0,0.0
590,1,0,0.6558345642540621,-1.4987434414226537,0.2609369948066812,-1.0163488151074438,1.0,0.02105232914807478,0.0,0.0,0.0,0.0,1.0
591,0,1,0.696969696969697,-1.9668634520275248,0.18559287821269405,-1.170182399445161,1.0,0.00627236509183841,0.0,0.0,1.0,0.0,0.0
592,1,1,0.5898876404494382,-2.1076789507346634,0.1762973200084014,-1.3428194780009317,1.0,0.03482706322965752,0.0,0.0,0.0,1.0,0.0
593,1,0,0.5393258426966292,-2.738384123512156,0.11217102946293067,-1.6725668390225126,1.0,-0.03596236702468871,1.0,0.0,0.0,0.0,0.0
594,0,1,0.6354344122657581,-2.0126209425882005,0.16690156445167115,-1.2320021032825583,1.0,0.00807576450903087,0.0,1.0,0.0,0.0,0.0
595,1,1,0.5974358974358974,-2.1831797130439208,0.20449222803510755,-1.2145194652501672,1.0,0.004420872602526357,0.0,0.0,0.0,1.0,0.0
596,0,1,0.7822085889570553,-1.8159889813248256,0.2139727168318916,-1.0600313161408044,1.0,0.037266088567751016,0.0,0.0,1.0,0.0,0.0
597,1,1,0.5607287449392713,-2.0808068043343617,0.1563088888307767,-1.3326187773281617,1.0,0.009124591224158929,0.0,0.0,0.0,0.0,0.0
598,1,0,0.6832844574780058,-1.6494430401753748,0.25554246771629274,-0.9926707156338108,1.0,-0.008112629417392084,1.0,0.0,0.0,0.0,1.0
599,1,0,0.6764705882352942,-1.4908572030086544,0.2115271001617884,-1.0186009955146496,1.0,-0.023438007501532743,1.0,0.0,0.0,0.0,1.0
600,1,0,0.6459016393442623,-1.6846074572386258,0.19905462233696888,-1.0658664545414256,1.0,0.06214926000539073,0.0,0.0,0.0,0.0,1.0
601,1,0,0.5768115942028985,-2.0764854305517195,0.13087368167352156,-1.3897253122113935,1.0,-0.02258578146813989,1.0,0.0,0.0,0.0,0.0
602,0,1,0.7583547557840618,-1.7305587860001994,0.1947725427976492,-0.9260785968942068,1.0,0.021872586777606,0.0,0.0,1.0,0.0,1.0
603,0,1,0.656140350877193,-2.3818367999983434,0.16177861904385146,-1.4680229476146267,1.0,0.018332855309276055,0.0,0.0,1.0,1.0,0.0
604,0,1,0.4652567975830816,-2.117018976988807,0.11217102946293067,-1.505618959406701,1.0,0.047948878019069364,0.0,0.0,1.0,1.0,0.0
605,0,1,0.6558891454965358,-2.1314167976894494,0.18952609566832976,-1.2891161553142445,1.0,0.03158121781594317,0.0,0.0,0.0,1.0,0.0
606,1,0,0.7490909090909091,-2.199993212053571,0.1831505828713543,-1.3249319486618707,1.0,0.02195918943867311,0.0,0.0,0.0,1.0,0.0
607,0,1,0.5587734241908007,-2.2295484556152867,0.16282915899338946,-1.2388219997442484,1.0,-0.003979156274465649,1.0,0.0,0.0,1.0,0.0
608,1,0,0.7914285714285715,-2.0808068043343617,0.16071425520942953,-1.2573325751640612,1.0,0.021853525494264763,0.0,0.0,0.0,0.0,0.0
609,0,1,0.5784671532846716,-2.0596175052644243,0.1831505828713543,-1.2566809704178132,1.0,0.023529934659502042,0.0,0.0,1.0,0.0,0.0
610,0,1,0.6621621621621622,-2.06796957962919,0.1902934161644617,-1.3681571027071509,1.0,-0.01738198221030019,1.0,0.0,1.0,0.0,0.0
611,1,0,0.6640316205533597,-1.8183557146039329,0.16386631535757082,-1.2127504425113205,1.0,-0.030847773150327787,1.0,0.0,0.0,0.0,0.0
612,0,0,0.4835164835164835,-2.2612628687924934,0.14666469972787188,-1.4680229476146267,1.0,0.022575265341070738,0.0,0.0,1.0,1.0,0.0
613,1,1,0.6936507936507936,-2.0089247970282367,0.20044180731724984,-1.1156051033084502,1.0,-0.002117746190072883,1.0,0.0,0.0,0.0,0.0
614,1,1,0.6027397260273972,-2.6658334563635444,0.17078438048810138,-1.8231282294651776,1.0,0.009124591224158929,0.0,0.0,0.0,0.0,0.0
615,1,1,0.6622073578595318,-2.4180489726527883,0.2031599932916275,-1.3404441148401185,1.0,0.009124591224158929,0.0,0.0,0.0,1.0,0.0
616,0,1,0.5482546201232033,-1.9668634520275248,0.1585421746858095,-1.3879598850571322,0.0,0.009124591224158929,0.0,1.0,0.0,0.0,0.0
617,0,1,0.6310344827586207,-2.166992951950645,0.15400989474470325,-1.442317547379725,1.0,0.04029468537115145,0.0,0.0,0.0,1.0,0.0
618,1,1,0.7100456621004566,-1.8529200997206887,0.18639285740271386,-1.1622522737840888,1.0,0.0481710650586668,0.0,0.0,0.0,0.0,0.0
619,0,1,0.6521008403361345,-2.112323855780427,0.2018100531375996,-1.0786407425778546,1.0,0.033593111500030436,0.0,0.0,0.0,1.0,0.0
620,1,1,0.4835526315789474,-2.295476969323595,0.13402847141500454,-1.6229249076003698,0.0,-0.0001705933378575414,1.0,0.0,0.0,1.0,0.0
621,1,1,0.5924006908462867,-2.2678934476915065,0.1399272756202553,-1.347609539227793,1.0,-0.006315604699400098,1.0,0.0,0.0,1.0,0.0
622,0,0,0.6635367762128326,-1.893286083497899,0.19764782888087104,-1.0621063056681188,1.0,-0.03834154622795221,1.0,0.0,1.0,0.0,0.0
623,0,1,0.4882943143812709,-2.5126050802673667,0.13246985949286053,-1.595085377852782,0.0,0.03128352766228791,0.0,0.0,0.0,0.0,0.0
624,1,1,0.561624649859944,-1.8580903331867789,0.19622071896503804,-1.1251190540208564,1.0,0.006385606555695641,0.0,0.0,0.0,0.0,0.0
625,0,1,0.6268656716417911,-2.1723217854557118,0.16886529242099754,-1.2133393164753108,1.0,0.0645993451786608,0.0,0.0,1.0,1.0,0.0
626,0,0,0.5553772070626003,-1.9537020059695551,0.17172795975000935,-1.2573325751640612,1.0,-0.0570900170463028,0.0,0.0,0.0,0.0,0.0
627,1,1,0.6148796498905909,-1.8183557146039329,0.16690156445167115,-1.2759861256132,1.0,-0.058586673958785924,0.0,0.0,0.0,0.0,0.0
628,0,1,0.5947368421052631,-2.4275942905590187,0.16489050641771066,-1.4199413263304932,0.0,0.08509670457922383,0.0,0.0,0.0,1.0,0.0
629,0,1,0.6623036649214661,-2.0473830488474127,0.17078438048810138,-1.3950650657320989,0.0,-0.0015664159468040519,1.0,0.0,1.0,0.0,0.0
630,1,1,0.5071633237822349,-2.274626830350475,0.1399272756202553,-1.4324467933534306,1.0,-0.008879211573041624,1.0,0.0,0.0,1.0,0.0
631,1,1,0.6888888888888889,-1.6542955429697868,0.1771832510664747,-1.1146650715953297,1.0,0.05136850597275852,0.0,0.0,0.0,0.0,1.0
632,1,0,0.6061381074168798,-2.0596175052644243,0.16886529242099754,-1.2151107444182916,1.0,0.004420872602526357,0.0,0.0,0.0,0.0,0.0
633,0,1,0.7129798903107861,-2.1943160791618803,0.1754023943420376,-1.1026262873969483,1.0,0.03113477157157728,0.0,0.0,0.0,1.0,0.0
634,0,1,0.5298013245033113,-2.166992951950645,0.14269883033753408,-1.5185139398778875,1.0,0.018065909915302072,0.0,1.0,0.0,1.0,0.0
635,1,1,0.6743421052631579,-2.317378810771425,0.1051413971565232,-1.3977597660955128,1.0,0.03242003639534456,0.0,0.0,0.0,1.0,0.0
636,1,1,0.6213151927437641,-2.0315887816641807,0.16386631535757082,-1.2835392635036458,1.0,-0.03722228311578906,1.0,0.0,0.0,0.0,0.0
637,0,1,0.624,-2.0940350700681174,0.16386631535757082,-1.418048972652788,1.0,-0.01603109253067675,1.0,0.0,1.0,0.0,0.0
638,1,0,0.6068515497553018,-1.8659629562866644,0.17892901128227556,-1.1920658436514695,1.0,0.042603241797504535,0.0,0.0,0.0,0.0,0.0
639,0,1,0.6729857819905213,-2.1030831990455146,0.20449222803510755,-1.309954792692218,1.0,0.03611721593918047,0.0,1.0,0.0,1.0,0.0
640,0,1,0.6918367346938775,-1.987385119172127,0.13704135050547686,-1.1848320719752976,1.0,-0.04017284790046339,1.0,0.0,0.0,0.0,0.0
641,1,1,0.5705521472392638,-2.1943160791618803,0.13402847141500454,-1.32952770035102,1.0,0.030687040535111287,0.0,0.0,0.0,1.0,0.0
642,1,0,0.6287051482059283,-1.7266983651869612,0.2248905747007111,-1.1146650715953297,1.0,-0.03722310781681927,1.0,0.0,0.0,0.0,1.0
643,0,1,0.7262773722627737,-1.8659629562866644,0.20044180731724984,-1.1864907416499235,1.0,-0.005484143030464203,1.0,0.0,1.0,0.0,0.0
644,1,0,0.7145833333333333,-2.06796957962919,0.21812280278920265,-1.2753059461759622,1.0,-0.0464621559185416,0.0,0.0,0.0,0.0,0.0
645,0,1,0.6146095717884131,-2.2115750846033846,0.12923758913860178,-1.4809237322606743,1.0,-0.039106128338985184,1.0,1.0,0.0,1.0,0.0
646,0,1,0.7687366167023555,-2.274626830350475,0.1823218358642896,-1.3404441148401185,1.0,0.004504027822692407,0.0,0.0,1.0,1.0,0.0
647,0,1,0.6630824372759857,-2.235708764320105,0.1585421746858095,-1.3897253122113935,1.0,0.04911404424604787,0.0,0.0,0.0,1.0,0.0
648,1,1,0.6638297872340425,-2.1943160791618803,0.1399272756202553,-1.5330320989465396,0.0,0.04374655058360598,0.0,0.0,0.0,1.0,0.0
649,1,1,0.7001477104874446,-1.8766868216784367,0.22212070451863755,-1.069659443558565,0.0,-0.025334566119682482,1.0,0.0,0.0,0.0,0.0
650,1,0,0.7555555555555555,-1.9285184599513057,0.16690156445167115,-1.2482978916281258,1.0,-0.039305049874703096,1.0,0.0,0.0,0.0,0.0
651,0,0,0.6597222222222222,-2.1723217854557118,0.16489050641771066,-1.1898272073446732,1.0,-0.024693936868313008,1.0,1.0,0.0,1.0,0.0
652,1,0,0.4691075514874142,-1.9770030833784047,0.16590212992307402,-1.4596305225593271,0.0,0.003351094196087698,1.0,0.0,0.0,0.0,0.0
653,0,1,0.5742358078602621,-2.063773465035582,0.1574334518757247,-1.2821561588890933,1.0,0.029468739440639005,0.0,0.0,1.0,0.0,0.0
654,1,0,0.6931659693165969,-1.7819537279246556,0.19622071896503804,-1.0579661934578344,1.0,0.029658849885792867,0.0,0.0,0.0,0.0,0.0
655,0,1,0.6832971800433839,-2.235708764320105,0.16788917065830275,-1.222269606764723,1.0,-0.041430293245650736,0.0,0.0,1.0,1.0,0.0
656,0,0,0.5527522935779816,-2.1617287119582884,0.14536671395928835,-1.3084850976114424,1.0,0.03804660758078124,0.0,1.0,0.0,1.0,0.0
657,0,1,0.6479750778816199,-2.295476969323595,0.11217102946293067,-1.5033150044971368,0.0,0.03663190600808365,0.0,0.0,0.0,1.0,0.0
658,1,0,0.4897959183673469,-2.0315887816641807,0.1771832510664747,-1.3941705350720688,1.0,-0.0337595787660565,1.0,0.0,0.0,0.0,0.0
659,0,0,0.5240641711229946,-2.0940350700681174,0.18478594246365668,-1.4886300469384954,1.0,-0.013856032240963977,1.0,1.0,0.0,0.0,0.0
660,1,0,0.7027863777089783,-2.0808068043343617,0.1399272756202553,-1.4314719456222202,1.0,0.001377968740743084,1.0,0.0,0.0,0.0,0.0
661,1,0,0.7219321148825065,-1.5114328947193163,0.21336655857909875,-0.9770030833784054,1.0,0.029725979743118205,0.0,0.0,0.0,0.0,1.0
662,0,1,0.5592233009708738,-2.1617287119582884,0.1574334518757247,-1.3333949964479388,1.0,0.020487849089615828,0.0,1.0,0.0,1.0,0.0
663,0,1,0.4747826086956522,-2.1217654120132687,0.2018100531375996,-1.3129091883162716,1.0,0.04356371060724448,0.0,1.0,0.0,1.0,0.0
664,0,1,0.6273764258555133,-2.2612628687924934,0.13849934664233296,-1.4897421973078628,0.0,0.0016546774633007116,1.0,0.0,0.0,1.0,0.0
665,1,0,0.6524390243902439,-1.898963216389589,0.17892901128227556,-1.2168894273765016,1.0,0.016999659979245296,0.0,0.0,0.0,0.0,0.0
666,0,0,0.5129740518962076,-2.023901952997889,0.1771832510664747,-1.2807774450902278,1.0,-0.023595744160222185,1.0,0.0,1.0,0.0,0.0
667,1,1,0.5952380952380952,-2.4373541278481747,0.11432869165810546,-1.5729509326385314,0.0,-0.029881385961391737,1.0,0.0,0.0,1.0,0.0
668,1,1,0.5272727272727272,-1.9537020059695551,0.13849934664233296,-1.3698436853390863,1.0,-0.05049199702518034,0.0,0.0,0.0,0.0,0.0
669,0,1,0.6385964912280702,-2.4180489726527883,0.10992700427847384,-1.4842097087079018,1.0,0.05775552145276526,0.0,0.0,1.0,1.0,0.0
670,1,1,0.5897920604914934,-1.8303868020254683,0.2115271001617884,-1.2051668673301938,1.0,0.017672623899386463,0.0,0.0,0.0,0.0,0.0
671,1,1,0.5309090909090909,-2.254732001633536,0.1504269618196661,-1.528138588222169,1.0,0.0008438072287778673,1.0,0.0,0.0,1.0,0.0
672,0,0,0.5866425992779783,-1.9377920040802672,0.1754023943420376,-1.1549792297096195,0.0,0.08428790586524311,0.0,0.0,1.0,0.0,0.0
673,0,1,0.6748166259168704,-2.1412875517157435,0.1947725427976492,-1.2326176873429635,1.0,0.031992262073828194,0.0,0.0,1.0,1.0,0.0
674,0,1,0.6656716417910448,-2.3026555539507187,0.14666469972787188,-1.485310582508788,0.0,0.028250705190356187,0.0,0.0,0.0,1.0,0.0
675,1,1,0.7142857142857143,-1.9164539485499248,0.18064135466867806,-1.1831797130439208,1.0,0.009124591224158929,0.0,0.0,0.0,0.0,0.0
676,1,1,0.5645161290322581,-2.156527518272481,0.16788917065830275,-1.391497945210742,1.0,-0.04515484849669108,0.0,0.0,0.0,1.0,0.0
677,0,1,0.6126629422718808,-2.055500939069592,0.1933025053072492,-1.2508601083927262,1.0,0.004669618127058825,0.0,0.0,1.0,0.0,0.0
678,1,1,0.6471774193548387,-1.9804362592167992,0.17978926013763633,-1.1864907416499235,1.0,0.05868888302078565,0.0,0.0,0.0,0.0,0.0
679,0,0,0.6477611940298508,-2.166992951950645,0.14666469972787188,-1.442317547379725,0.0,0.03042530876540168,0.0,0.0,0.0,1.0,0.0
680,0,0,0.7109375,-2.501023207717552,0.1585421746858095,-1.595085377852782,1.0,0.03228429921272611,0.0,0.0,1.0,0.0,0.0
681,0,0,0.6707021791767555,-2.06796957962919,0.1983537199758371,-1.2773496886859483,1.0,0.024687352731627338,0.0,1.0,0.0,0.0,0.0
